6656
"1	0
"2	1
"3	2
"4	3
"5	4
"A	5
"Abschnitte	6
"Agreement	7
"Alle	8
"Alles	9
"Als	10
"Am	11
"An	12
"Answering	13
"Associates	14
"Auf	15
"Aufgrund	16
"Ausführliche	17
"Bei	18
"Besonders	19
"Bin	20
"Bitte	21
"COVID-19-Impfung	22
"Code	23
"Da	24
"Das	25
"Defines	26
"Degree	27
"Der	28
"Description	29
"Detailliertere	30
"Die	31
"E-learning	32
"Ebenfalls	33
"Eine	34
"Einschätzung	35
"Empty	36
"End	37
"Erklärung	38
"Erläuterung	39
"Es	40
"F7	41
"Fragenbeantwortung:	42
"Free-text	43
"Freitext	44
"Frequency	45
"Für	46
"Gefallen	47
"Gesamterfahrung:	48
"Ggf	49
"Grundsätzliches	50
"Gut	51
"Gute	52
"Gute,	53
"Gutes	54
"Habe	55
"Hat	56
"Hier	57
"Hinweis	58
"Hinweise	59
"How	60
"Human-readable	61
"Hätte	62
"Ich	63
"Identifier	64
"Im	65
"Indicates	66
"Informativ	67
"Infos	68
"Insgesammt	69
"Insgesamt	70
"Interessiert	71
"Ist	72
"Ja	73
"Keine	74
"Klare	75
"Klaren	76
"Leichtere	77
"Likert	78
"Links	79
"Media	80
"Mehr	81
"Mir	82
"Mit	83
"Mobile	84
"Module	85
"Nein,	86
"New	87
"Nichts	88
"No	89
"Ontology	90
"Overall	91
"Paar	92
"Platform	93
"Positive	94
"Preference	95
"Quality	96
"Question	97
"Quiz	98
"Recommendation	99
"Richtige	100
"Rundum	101
"Scale	102
"Sehr	103
"Short	104
"So	105
"Sollte	106
"Soweit	107
"Speed	108
"Start	109
"Strukturierte	110
"System	111
"Teilweise	112
"Text	113
"Textual	114
"The	115
"Title	116
"Tolle	117
"Um	118
"Umgang	119
"Understanding:	120
"User	121
"Verständlich	122
"Verständnis:	123
"Viele	124
"War	125
"Wechselwirkungen	126
"Welche	127
"Wichtiges	128
"Wie	129
"Wunschlos	130
"[NEEDS	131
"all	132
"alle	133
"and	134
"ausführliche	135
"bei	136
"conoscere	137
"das	138
"die	139
"does	140
"entspricht	141
"es	142
"fully	143
"ging	144
"herzschwäche	145
"info	146
"links	147
"neue	148
"nicht	149
"none	150
"not	151
"sehr	152
"trifft	153
"umständlich	154
"verständlich	155
"very	156
"wie	157
"wunschlos	158
"Übersichtlich	159
"über	160
"überhaupt	161
%20videos	162
1	163
1 M002 01	164
1 M003 01	165
1 M004 01	166
1 M005	167
1 M006 01	168
1 M007 01	169
1 M008 01	170
1 M010 01	171
10	172
10 M002 01	173
10 M003 01	174
10 M004 01	175
10 M005	176
10 M006 01	177
10 M007 01	178
10 M008 01	179
10 M010 01	180
100	181
100 M002 01	182
100 M003 01	183
100 M004 01	184
100 M005	185
100 M006 01	186
100 M007 01	187
100 M008 01	188
100 M010 01	189
10020101	190
10020102	191
10020103	192
10020104	193
10020105	194
10020106	195
10020107	196
10020108	197
10020109	198
10020110	199
10020111	200
10030101	201
10030102	202
10030103	203
10030104	204
10030105	205
10030106	206
10030107	207
10030108	208
10030109	209
10030110	210
10030111	211
10040101	212
10040102	213
10040103	214
10040104	215
10040105	216
10040106	217
10040107	218
10040108	219
10040109	220
10040110	221
10040111	222
10050001	223
10050002	224
10050003	225
10050004	226
10060101	227
10060102	228
10060103	229
10060104	230
10060105	231
10060106	232
10060107	233
10060108	234
10060109	235
10060110	236
10060111	237
10070101	238
10070102	239
10080101	240
10080102	241
101	242
101 M002 01	243
101 M003 01	244
101 M004 01	245
101 M005	246
101 M006 01	247
101 M007 01	248
101 M008 01	249
101 M010 01	250
10100101	251
10100102	252
10100103	253
10100104	254
10100105	255
10100106	256
10100107	257
10100108	258
10100109	259
10100110	260
10100111	261
102	262
102 M002 01	263
102 M003 01	264
102 M004 01	265
102 M005	266
102 M006 01	267
102 M007 01	268
102 M008 01	269
102 M010 01	270
103	271
103 M002 01	272
103 M003 01	273
103 M004 01	274
103 M005	275
103 M006 01	276
103 M007 01	277
103 M008 01	278
103 M010 01	279
104	280
104 M002 01	281
104 M003 01	282
104 M004 01	283
104 M005	284
104 M006 01	285
104 M007 01	286
104 M008 01	287
104 M010 01	288
105	289
105 M002 01	290
105 M003 01	291
105 M004 01	292
105 M005	293
105 M006 01	294
105 M007 01	295
105 M008 01	296
105 M010 01	297
106	298
106 M002 01	299
106 M003 01	300
106 M004 01	301
106 M005	302
106 M006 01	303
106 M007 01	304
106 M008 01	305
106 M010 01	306
107	307
107 M002 01	308
107 M003 01	309
107 M004 01	310
107 M005	311
107 M006 01	312
107 M007 01	313
107 M008 01	314
107 M010 01	315
108	316
108 M002 01	317
108 M003 01	318
108 M004 01	319
108 M005	320
108 M006 01	321
108 M007 01	322
108 M008 01	323
108 M010 01	324
109	325
109 M002 01	326
109 M003 01	327
109 M004 01	328
109 M005	329
109 M006 01	330
109 M007 01	331
109 M008 01	332
109 M010 01	333
11	334
11 M002 01	335
11 M003 01	336
11 M004 01	337
11 M005	338
11 M006 01	339
11 M007 01	340
11 M008 01	341
11 M010 01	342
110	343
110 M002 01	344
110 M003 01	345
110 M004 01	346
110 M005	347
110 M006 01	348
110 M007 01	349
110 M008 01	350
110 M010 01	351
111	352
111 M002 01	353
111 M003 01	354
111 M004 01	355
111 M005	356
111 M006 01	357
111 M007 01	358
111 M008 01	359
111 M010 01	360
112	361
112 M002 01	362
112 M003 01	363
112 M004 01	364
112 M005	365
112 M006 01	366
112 M007 01	367
112 M008 01	368
112 M010 01	369
113	370
113 M002 01	371
113 M003 01	372
113 M004 01	373
113 M005	374
113 M006 01	375
113 M007 01	376
113 M008 01	377
113 M010 01	378
114	379
114 M002 01	380
114 M003 01	381
114 M004 01	382
114 M005	383
114 M006 01	384
114 M007 01	385
114 M008 01	386
114 M010 01	387
115	388
115 M002 01	389
115 M003 01	390
115 M004 01	391
115 M005	392
115 M006 01	393
115 M007 01	394
115 M008 01	395
115 M010 01	396
116	397
116 M002 01	398
116 M003 01	399
116 M004 01	400
116 M005	401
116 M006 01	402
116 M007 01	403
116 M008 01	404
116 M010 01	405
117	406
117 M002 01	407
117 M003 01	408
117 M004 01	409
117 M005	410
117 M006 01	411
117 M007 01	412
117 M008 01	413
117 M010 01	414
118	415
118 M002 01	416
118 M003 01	417
118 M004 01	418
118 M005	419
118 M006 01	420
118 M007 01	421
118 M008 01	422
118 M010 01	423
119	424
119 M002 01	425
119 M003 01	426
119 M004 01	427
119 M005	428
119 M006 01	429
119 M007 01	430
119 M008 01	431
119 M010 01	432
12	433
12 M002 01	434
12 M003 01	435
12 M004 01	436
12 M005	437
12 M006 01	438
12 M007 01	439
12 M008 01	440
12 M010 01	441
120	442
120 M002 01	443
120 M003 01	444
120 M004 01	445
120 M005	446
120 M006 01	447
120 M007 01	448
120 M008 01	449
120 M010 01	450
121	451
121 M002 01	452
121 M003 01	453
121 M004 01	454
121 M005	455
121 M006 01	456
121 M007 01	457
121 M008 01	458
121 M010 01	459
122	460
122 M002 01	461
122 M003 01	462
122 M004 01	463
122 M005	464
122 M006 01	465
122 M007 01	466
122 M008 01	467
122 M010 01	468
123	469
123 M002 01	470
123 M003 01	471
123 M004 01	472
123 M005	473
123 M006 01	474
123 M007 01	475
123 M008 01	476
123 M010 01	477
124	478
124 M002 01	479
124 M003 01	480
124 M004 01	481
124 M005	482
124 M006 01	483
124 M007 01	484
124 M008 01	485
124 M010 01	486
125	487
125 M002 01	488
125 M003 01	489
125 M004 01	490
125 M005	491
125 M006 01	492
125 M007 01	493
125 M008 01	494
125 M010 01	495
126	496
126 M002 01	497
126 M003 01	498
126 M004 01	499
126 M005	500
126 M006 01	501
126 M007 01	502
126 M008 01	503
126 M010 01	504
127	505
127 M002 01	506
127 M003 01	507
127 M004 01	508
127 M005	509
127 M006 01	510
127 M007 01	511
127 M008 01	512
127 M010 01	513
128	514
128 M002 01	515
128 M003 01	516
128 M004 01	517
128 M005	518
128 M006 01	519
128 M007 01	520
128 M008 01	521
128 M010 01	522
129	523
129 M002 01	524
129 M003 01	525
129 M004 01	526
129 M005	527
129 M006 01	528
129 M007 01	529
129 M008 01	530
129 M010 01	531
13	532
13 M002 01	533
13 M003 01	534
13 M004 01	535
13 M005	536
13 M006 01	537
13 M007 01	538
13 M008 01	539
13 M010 01	540
130	541
130 M002 01	542
130 M003 01	543
130 M004 01	544
130 M005	545
130 M006 01	546
130 M007 01	547
130 M008 01	548
130 M010 01	549
131	550
131 M002 01	551
131 M003 01	552
131 M004 01	553
131 M005	554
131 M006 01	555
131 M007 01	556
131 M008 01	557
131 M010 01	558
132	559
132 M002 01	560
132 M003 01	561
132 M004 01	562
132 M005	563
132 M006 01	564
132 M007 01	565
132 M008 01	566
132 M010 01	567
133	568
133 M002 01	569
133 M003 01	570
133 M004 01	571
133 M005	572
133 M006 01	573
133 M007 01	574
133 M008 01	575
133 M010 01	576
134	577
134 M002 01	578
134 M003 01	579
134 M004 01	580
134 M005	581
134 M006 01	582
134 M007 01	583
134 M008 01	584
134 M010 01	585
135	586
135 M002 01	587
135 M003 01	588
135 M004 01	589
135 M005	590
135 M006 01	591
135 M007 01	592
135 M008 01	593
135 M010 01	594
136	595
136 M002 01	596
136 M003 01	597
136 M004 01	598
136 M005	599
136 M006 01	600
136 M007 01	601
136 M008 01	602
136 M010 01	603
137	604
137 M002 01	605
137 M003 01	606
137 M004 01	607
137 M005	608
137 M006 01	609
137 M007 01	610
137 M008 01	611
137 M010 01	612
138	613
138 M002 01	614
138 M003 01	615
138 M004 01	616
138 M005	617
138 M006 01	618
138 M007 01	619
138 M008 01	620
138 M010 01	621
139	622
139 M002 01	623
139 M003 01	624
139 M004 01	625
139 M005	626
139 M006 01	627
139 M007 01	628
139 M008 01	629
139 M010 01	630
14	631
14 M002 01	632
14 M003 01	633
14 M004 01	634
14 M005	635
14 M006 01	636
14 M007 01	637
14 M008 01	638
14 M010 01	639
140	640
140 M002 01	641
140 M003 01	642
140 M004 01	643
140 M005	644
140 M006 01	645
140 M007 01	646
140 M008 01	647
140 M010 01	648
141	649
141 M002 01	650
141 M003 01	651
141 M004 01	652
141 M005	653
141 M006 01	654
141 M007 01	655
141 M008 01	656
141 M010 01	657
142	658
142 M002 01	659
142 M003 01	660
142 M004 01	661
142 M005	662
142 M006 01	663
142 M007 01	664
142 M008 01	665
142 M010 01	666
143	667
143 M002 01	668
143 M003 01	669
143 M004 01	670
143 M005	671
143 M006 01	672
143 M007 01	673
143 M008 01	674
143 M010 01	675
144	676
144 M002 01	677
144 M003 01	678
144 M004 01	679
144 M005	680
144 M006 01	681
144 M007 01	682
144 M008 01	683
144 M010 01	684
145	685
145 M002 01	686
145 M003 01	687
145 M004 01	688
145 M005	689
145 M006 01	690
145 M007 01	691
145 M008 01	692
145 M010 01	693
146	694
146 M002 01	695
146 M003 01	696
146 M004 01	697
146 M005	698
146 M006 01	699
146 M007 01	700
146 M008 01	701
146 M010 01	702
147	703
147 M002 01	704
147 M003 01	705
147 M004 01	706
147 M005	707
147 M006 01	708
147 M007 01	709
147 M008 01	710
147 M010 01	711
148	712
148 M002 01	713
148 M003 01	714
148 M004 01	715
148 M005	716
148 M006 01	717
148 M007 01	718
148 M008 01	719
148 M010 01	720
149	721
149 M002 01	722
149 M003 01	723
149 M004 01	724
149 M005	725
149 M006 01	726
149 M007 01	727
149 M008 01	728
149 M010 01	729
15	730
15 M002 01	731
15 M003 01	732
15 M004 01	733
15 M005	734
15 M006 01	735
15 M007 01	736
15 M008 01	737
15 M010 01	738
150	739
150 M002 01	740
150 M003 01	741
150 M004 01	742
150 M005	743
150 M006 01	744
150 M007 01	745
150 M008 01	746
150 M010 01	747
151	748
151 M002 01	749
151 M003 01	750
151 M004 01	751
151 M005	752
151 M006 01	753
151 M007 01	754
151 M008 01	755
151 M010 01	756
152	757
152 M002 01	758
152 M003 01	759
152 M004 01	760
152 M005	761
152 M006 01	762
152 M007 01	763
152 M008 01	764
152 M010 01	765
153	766
153 M002 01	767
153 M003 01	768
153 M004 01	769
153 M005	770
153 M006 01	771
153 M007 01	772
153 M008 01	773
153 M010 01	774
154	775
154 M002 01	776
154 M003 01	777
154 M004 01	778
154 M005	779
154 M006 01	780
154 M007 01	781
154 M008 01	782
154 M010 01	783
155	784
155 M002 01	785
155 M003 01	786
155 M004 01	787
155 M005	788
155 M006 01	789
155 M007 01	790
155 M008 01	791
155 M010 01	792
156	793
156 M002 01	794
156 M003 01	795
156 M004 01	796
156 M005	797
156 M006 01	798
156 M007 01	799
156 M008 01	800
156 M010 01	801
157	802
157 M002 01	803
157 M003 01	804
157 M004 01	805
157 M005	806
157 M006 01	807
157 M007 01	808
157 M008 01	809
157 M010 01	810
158	811
158 M002 01	812
158 M003 01	813
158 M004 01	814
158 M005	815
158 M006 01	816
158 M007 01	817
158 M008 01	818
158 M010 01	819
159	820
159 M002 01	821
159 M003 01	822
159 M004 01	823
159 M005	824
159 M006 01	825
159 M007 01	826
159 M008 01	827
159 M010 01	828
16	829
16 M002 01	830
16 M003 01	831
16 M004 01	832
16 M005	833
16 M006 01	834
16 M007 01	835
16 M008 01	836
16 M010 01	837
160	838
160 M002 01	839
160 M003 01	840
160 M004 01	841
160 M005	842
160 M006 01	843
160 M007 01	844
160 M008 01	845
160 M010 01	846
161	847
161 M002 01	848
161 M003 01	849
161 M004 01	850
161 M005	851
161 M006 01	852
161 M007 01	853
161 M008 01	854
161 M010 01	855
162	856
162 M002 01	857
162 M003 01	858
162 M004 01	859
162 M005	860
162 M006 01	861
162 M007 01	862
162 M008 01	863
162 M010 01	864
163	865
163 M002 01	866
163 M003 01	867
163 M004 01	868
163 M005	869
163 M006 01	870
163 M007 01	871
163 M008 01	872
163 M010 01	873
164	874
164 M002 01	875
164 M003 01	876
164 M004 01	877
164 M005	878
164 M006 01	879
164 M007 01	880
164 M008 01	881
164 M010 01	882
165	883
165 M002 01	884
165 M003 01	885
165 M004 01	886
165 M005	887
165 M006 01	888
165 M007 01	889
165 M008 01	890
165 M010 01	891
166	892
166 M002 01	893
166 M003 01	894
166 M004 01	895
166 M005	896
166 M006 01	897
166 M007 01	898
166 M008 01	899
166 M010 01	900
167	901
167 M002 01	902
167 M003 01	903
167 M004 01	904
167 M005	905
167 M006 01	906
167 M007 01	907
167 M008 01	908
167 M010 01	909
168	910
168 M002 01	911
168 M003 01	912
168 M004 01	913
168 M005	914
168 M006 01	915
168 M007 01	916
168 M008 01	917
168 M010 01	918
169	919
169 M002 01	920
169 M003 01	921
169 M004 01	922
169 M005	923
169 M006 01	924
169 M007 01	925
169 M008 01	926
169 M010 01	927
17	928
17 M002 01	929
17 M003 01	930
17 M004 01	931
17 M005	932
17 M006 01	933
17 M007 01	934
17 M008 01	935
17 M010 01	936
170	937
170 M002 01	938
170 M003 01	939
170 M004 01	940
170 M005	941
170 M006 01	942
170 M007 01	943
170 M008 01	944
170 M010 01	945
171	946
171 M002 01	947
171 M003 01	948
171 M004 01	949
171 M005	950
171 M006 01	951
171 M007 01	952
171 M008 01	953
171 M010 01	954
172	955
172 M002 01	956
172 M003 01	957
172 M004 01	958
172 M005	959
172 M006 01	960
172 M007 01	961
172 M008 01	962
172 M010 01	963
173	964
173 M002 01	965
173 M003 01	966
173 M004 01	967
173 M005	968
173 M006 01	969
173 M007 01	970
173 M008 01	971
173 M010 01	972
174	973
174 M002 01	974
174 M003 01	975
174 M004 01	976
174 M005	977
174 M006 01	978
174 M007 01	979
174 M008 01	980
174 M010 01	981
175	982
175 M002 01	983
175 M003 01	984
175 M004 01	985
175 M005	986
175 M006 01	987
175 M007 01	988
175 M008 01	989
175 M010 01	990
176	991
176 M002 01	992
176 M003 01	993
176 M004 01	994
176 M005	995
176 M006 01	996
176 M007 01	997
176 M008 01	998
176 M010 01	999
177	1000
177 M002 01	1001
177 M003 01	1002
177 M004 01	1003
177 M005	1004
177 M006 01	1005
177 M007 01	1006
177 M008 01	1007
177 M010 01	1008
178	1009
178 M002 01	1010
178 M003 01	1011
178 M004 01	1012
178 M005	1013
178 M006 01	1014
178 M007 01	1015
178 M008 01	1016
178 M010 01	1017
179	1018
179 M002 01	1019
179 M003 01	1020
179 M004 01	1021
179 M005	1022
179 M006 01	1023
179 M007 01	1024
179 M008 01	1025
179 M010 01	1026
18	1027
18 M002 01	1028
18 M003 01	1029
18 M004 01	1030
18 M005	1031
18 M006 01	1032
18 M007 01	1033
18 M008 01	1034
18 M010 01	1035
180	1036
180 M002 01	1037
180 M003 01	1038
180 M004 01	1039
180 M005	1040
180 M006 01	1041
180 M007 01	1042
180 M008 01	1043
180 M010 01	1044
181	1045
181 M002 01	1046
181 M003 01	1047
181 M004 01	1048
181 M005	1049
181 M006 01	1050
181 M007 01	1051
181 M008 01	1052
181 M010 01	1053
182	1054
182 M002 01	1055
182 M003 01	1056
182 M004 01	1057
182 M005	1058
182 M006 01	1059
182 M007 01	1060
182 M008 01	1061
182 M010 01	1062
183	1063
183 M002 01	1064
183 M003 01	1065
183 M004 01	1066
183 M005	1067
183 M006 01	1068
183 M007 01	1069
183 M008 01	1070
183 M010 01	1071
184	1072
184 M002 01	1073
184 M003 01	1074
184 M004 01	1075
184 M005	1076
184 M006 01	1077
184 M007 01	1078
184 M008 01	1079
184 M010 01	1080
185	1081
185 M002 01	1082
185 M003 01	1083
185 M004 01	1084
185 M005	1085
185 M006 01	1086
185 M007 01	1087
185 M008 01	1088
185 M010 01	1089
186	1090
186 M002 01	1091
186 M003 01	1092
186 M004 01	1093
186 M005	1094
186 M006 01	1095
186 M007 01	1096
186 M008 01	1097
186 M010 01	1098
187	1099
187 M002 01	1100
187 M003 01	1101
187 M004 01	1102
187 M005	1103
187 M006 01	1104
187 M007 01	1105
187 M008 01	1106
187 M010 01	1107
188	1108
188 M002 01	1109
188 M003 01	1110
188 M004 01	1111
188 M005	1112
188 M006 01	1113
188 M007 01	1114
188 M008 01	1115
188 M010 01	1116
189	1117
189 M002 01	1118
189 M003 01	1119
189 M004 01	1120
189 M005	1121
189 M006 01	1122
189 M007 01	1123
189 M008 01	1124
189 M010 01	1125
19	1126
19 M002 01	1127
19 M003 01	1128
19 M004 01	1129
19 M005	1130
19 M006 01	1131
19 M007 01	1132
19 M008 01	1133
19 M010 01	1134
190	1135
190 M002 01	1136
190 M003 01	1137
190 M004 01	1138
190 M005	1139
190 M006 01	1140
190 M007 01	1141
190 M008 01	1142
190 M010 01	1143
191	1144
191 M002 01	1145
191 M003 01	1146
191 M004 01	1147
191 M005	1148
191 M006 01	1149
191 M007 01	1150
191 M008 01	1151
191 M010 01	1152
192	1153
192 M002 01	1154
192 M003 01	1155
192 M004 01	1156
192 M005	1157
192 M006 01	1158
192 M007 01	1159
192 M008 01	1160
192 M010 01	1161
193	1162
193 M002 01	1163
193 M003 01	1164
193 M004 01	1165
193 M005	1166
193 M006 01	1167
193 M007 01	1168
193 M008 01	1169
193 M010 01	1170
194	1171
194 M002 01	1172
194 M003 01	1173
194 M004 01	1174
194 M005	1175
194 M006 01	1176
194 M007 01	1177
194 M008 01	1178
194 M010 01	1179
195	1180
195 M002 01	1181
195 M003 01	1182
195 M004 01	1183
195 M005	1184
195 M006 01	1185
195 M007 01	1186
195 M008 01	1187
195 M010 01	1188
196	1189
196 M002 01	1190
196 M003 01	1191
196 M004 01	1192
196 M005	1193
196 M006 01	1194
196 M007 01	1195
196 M008 01	1196
196 M010 01	1197
197	1198
197 M002 01	1199
197 M003 01	1200
197 M004 01	1201
197 M005	1202
197 M006 01	1203
197 M007 01	1204
197 M008 01	1205
197 M010 01	1206
198	1207
198 M002 01	1208
198 M003 01	1209
198 M004 01	1210
198 M005	1211
198 M006 01	1212
198 M007 01	1213
198 M008 01	1214
198 M010 01	1215
199	1216
199 M002 01	1217
199 M003 01	1218
199 M004 01	1219
199 M005	1220
199 M006 01	1221
199 M007 01	1222
199 M008 01	1223
199 M010 01	1224
2	1225
2 M002 01	1226
2 M003 01	1227
2 M004 01	1228
2 M005	1229
2 M006 01	1230
2 M007 01	1231
2 M008 01	1232
2 M010 01	1233
20	1234
20 M002 01	1235
20 M003 01	1236
20 M004 01	1237
20 M005	1238
20 M006 01	1239
20 M007 01	1240
20 M008 01	1241
20 M010 01	1242
200	1243
200 M002 01	1244
200 M003 01	1245
200 M004 01	1246
200 M005	1247
200 M006 01	1248
200 M007 01	1249
200 M008 01	1250
200 M010 01	1251
20010101	1252
20010102	1253
20010103	1254
20010104	1255
20010105	1256
20010106	1257
20010201	1258
20010202	1259
20010203	1260
20010204	1261
20010205	1262
20010206	1263
20010301	1264
20010302	1265
20010303	1266
20010304	1267
20010305	1268
20010306	1269
20010401	1270
20010402	1271
20010403	1272
20010404	1273
20010405	1274
20010406	1275
20010501	1276
20010502	1277
20010503	1278
20010504	1279
20010505	1280
20010506	1281
20010601	1282
20010602	1283
20010603	1284
20010604	1285
20010605	1286
20010606	1287
20010701	1288
20010702	1289
20010703	1290
20010704	1291
20010705	1292
20010706	1293
20010801	1294
20010802	1295
20010803	1296
20010804	1297
20010805	1298
20010806	1299
20010901	1300
20010902	1301
20010903	1302
20010904	1303
20010905	1304
20010906	1305
20011001	1306
20011002	1307
20011003	1308
20011004	1309
20011005	1310
20011006	1311
201	1312
201 M002 01	1313
201 M003 01	1314
201 M004 01	1315
201 M005	1316
201 M006 01	1317
201 M007 01	1318
201 M008 01	1319
201 M010 01	1320
202	1321
202 M002 01	1322
202 M003 01	1323
202 M004 01	1324
202 M005	1325
202 M006 01	1326
202 M007 01	1327
202 M008 01	1328
202 M010 01	1329
203	1330
203 M002 01	1331
203 M003 01	1332
203 M004 01	1333
203 M005	1334
203 M006 01	1335
203 M007 01	1336
203 M008 01	1337
203 M010 01	1338
204	1339
204 M002 01	1340
204 M003 01	1341
204 M004 01	1342
204 M005	1343
204 M006 01	1344
204 M007 01	1345
204 M008 01	1346
204 M010 01	1347
205	1348
205 M002 01	1349
205 M003 01	1350
205 M004 01	1351
205 M005	1352
205 M006 01	1353
205 M007 01	1354
205 M008 01	1355
205 M010 01	1356
206	1357
206 M002 01	1358
206 M003 01	1359
206 M004 01	1360
206 M005	1361
206 M006 01	1362
206 M007 01	1363
206 M008 01	1364
206 M010 01	1365
207	1366
207 M002 01	1367
207 M003 01	1368
207 M004 01	1369
207 M005	1370
207 M006 01	1371
207 M007 01	1372
207 M008 01	1373
207 M010 01	1374
208	1375
208 M002 01	1376
208 M003 01	1377
208 M004 01	1378
208 M005	1379
208 M006 01	1380
208 M007 01	1381
208 M008 01	1382
208 M010 01	1383
209	1384
209 M002 01	1385
209 M003 01	1386
209 M004 01	1387
209 M005	1388
209 M006 01	1389
209 M007 01	1390
209 M008 01	1391
209 M010 01	1392
21	1393
21 M002 01	1394
21 M003 01	1395
21 M004 01	1396
21 M005	1397
21 M006 01	1398
21 M007 01	1399
21 M008 01	1400
21 M010 01	1401
210	1402
210 M002 01	1403
210 M003 01	1404
210 M004 01	1405
210 M005	1406
210 M006 01	1407
210 M007 01	1408
210 M008 01	1409
210 M010 01	1410
211	1411
211 M002 01	1412
211 M003 01	1413
211 M004 01	1414
211 M005	1415
211 M006 01	1416
211 M007 01	1417
211 M008 01	1418
211 M010 01	1419
212	1420
212 M002 01	1421
212 M003 01	1422
212 M004 01	1423
212 M005	1424
212 M006 01	1425
212 M007 01	1426
212 M008 01	1427
212 M010 01	1428
213	1429
213 M002 01	1430
213 M003 01	1431
213 M004 01	1432
213 M005	1433
213 M006 01	1434
213 M007 01	1435
213 M008 01	1436
213 M010 01	1437
214	1438
214 M002 01	1439
214 M003 01	1440
214 M004 01	1441
214 M005	1442
214 M006 01	1443
214 M007 01	1444
214 M008 01	1445
214 M010 01	1446
215	1447
215 M002 01	1448
215 M003 01	1449
215 M004 01	1450
215 M005	1451
215 M006 01	1452
215 M007 01	1453
215 M008 01	1454
215 M010 01	1455
216	1456
216 M002 01	1457
216 M003 01	1458
216 M004 01	1459
216 M005	1460
216 M006 01	1461
216 M007 01	1462
216 M008 01	1463
216 M010 01	1464
217	1465
217 M002 01	1466
217 M003 01	1467
217 M004 01	1468
217 M005	1469
217 M006 01	1470
217 M007 01	1471
217 M008 01	1472
217 M010 01	1473
218	1474
218 M002 01	1475
218 M003 01	1476
218 M004 01	1477
218 M005	1478
218 M006 01	1479
218 M007 01	1480
218 M008 01	1481
218 M010 01	1482
219	1483
219 M002 01	1484
219 M003 01	1485
219 M004 01	1486
219 M005	1487
219 M006 01	1488
219 M007 01	1489
219 M008 01	1490
219 M010 01	1491
22	1492
22 M002 01	1493
22 M003 01	1494
22 M004 01	1495
22 M005	1496
22 M006 01	1497
22 M007 01	1498
22 M008 01	1499
22 M010 01	1500
220	1501
220 M002 01	1502
220 M003 01	1503
220 M004 01	1504
220 M005	1505
220 M006 01	1506
220 M007 01	1507
220 M008 01	1508
220 M010 01	1509
221	1510
221 M002 01	1511
221 M003 01	1512
221 M004 01	1513
221 M005	1514
221 M006 01	1515
221 M007 01	1516
221 M008 01	1517
221 M010 01	1518
222	1519
222 M002 01	1520
222 M003 01	1521
222 M004 01	1522
222 M005	1523
222 M006 01	1524
222 M007 01	1525
222 M008 01	1526
222 M010 01	1527
223	1528
223 M002 01	1529
223 M003 01	1530
223 M004 01	1531
223 M005	1532
223 M006 01	1533
223 M007 01	1534
223 M008 01	1535
223 M010 01	1536
224	1537
224 M002 01	1538
224 M003 01	1539
224 M004 01	1540
224 M005	1541
224 M006 01	1542
224 M007 01	1543
224 M008 01	1544
224 M010 01	1545
225	1546
225 M002 01	1547
225 M003 01	1548
225 M004 01	1549
225 M005	1550
225 M006 01	1551
225 M007 01	1552
225 M008 01	1553
225 M010 01	1554
226	1555
226 M002 01	1556
226 M003 01	1557
226 M004 01	1558
226 M005	1559
226 M006 01	1560
226 M007 01	1561
226 M008 01	1562
226 M010 01	1563
227	1564
227 M002 01	1565
227 M003 01	1566
227 M004 01	1567
227 M005	1568
227 M006 01	1569
227 M007 01	1570
227 M008 01	1571
227 M010 01	1572
228	1573
228 M002 01	1574
228 M003 01	1575
228 M004 01	1576
228 M005	1577
228 M006 01	1578
228 M007 01	1579
228 M008 01	1580
228 M010 01	1581
229	1582
229 M002 01	1583
229 M003 01	1584
229 M004 01	1585
229 M005	1586
229 M006 01	1587
229 M007 01	1588
229 M008 01	1589
229 M010 01	1590
23	1591
23 M002 01	1592
23 M003 01	1593
23 M004 01	1594
23 M005	1595
23 M006 01	1596
23 M007 01	1597
23 M008 01	1598
23 M010 01	1599
230	1600
230 M002 01	1601
230 M003 01	1602
230 M004 01	1603
230 M005	1604
230 M006 01	1605
230 M007 01	1606
230 M008 01	1607
230 M010 01	1608
231	1609
231 M002 01	1610
231 M003 01	1611
231 M004 01	1612
231 M005	1613
231 M006 01	1614
231 M007 01	1615
231 M008 01	1616
231 M010 01	1617
232	1618
232 M002 01	1619
232 M003 01	1620
232 M004 01	1621
232 M005	1622
232 M006 01	1623
232 M007 01	1624
232 M008 01	1625
232 M010 01	1626
233	1627
233 M002 01	1628
233 M003 01	1629
233 M004 01	1630
233 M005	1631
233 M006 01	1632
233 M007 01	1633
233 M008 01	1634
233 M010 01	1635
234	1636
234 M002 01	1637
234 M003 01	1638
234 M004 01	1639
234 M005	1640
234 M006 01	1641
234 M007 01	1642
234 M008 01	1643
234 M010 01	1644
235	1645
235 M002 01	1646
235 M003 01	1647
235 M004 01	1648
235 M005	1649
235 M006 01	1650
235 M007 01	1651
235 M008 01	1652
235 M010 01	1653
236	1654
236 M002 01	1655
236 M003 01	1656
236 M004 01	1657
236 M005	1658
236 M006 01	1659
236 M007 01	1660
236 M008 01	1661
236 M010 01	1662
237	1663
237 M002 01	1664
237 M003 01	1665
237 M004 01	1666
237 M005	1667
237 M006 01	1668
237 M007 01	1669
237 M008 01	1670
237 M010 01	1671
238	1672
238 M002 01	1673
238 M003 01	1674
238 M004 01	1675
238 M005	1676
238 M006 01	1677
238 M007 01	1678
238 M008 01	1679
238 M010 01	1680
239	1681
239 M002 01	1682
239 M003 01	1683
239 M004 01	1684
239 M005	1685
239 M006 01	1686
239 M007 01	1687
239 M008 01	1688
239 M010 01	1689
24	1690
24 M002 01	1691
24 M003 01	1692
24 M004 01	1693
24 M005	1694
24 M006 01	1695
24 M007 01	1696
24 M008 01	1697
24 M010 01	1698
240	1699
240 M002 01	1700
240 M003 01	1701
240 M004 01	1702
240 M005	1703
240 M006 01	1704
240 M007 01	1705
240 M008 01	1706
240 M010 01	1707
241	1708
241 M002 01	1709
241 M003 01	1710
241 M004 01	1711
241 M005	1712
241 M006 01	1713
241 M007 01	1714
241 M008 01	1715
241 M010 01	1716
242	1717
242 M002 01	1718
242 M003 01	1719
242 M004 01	1720
242 M005	1721
242 M006 01	1722
242 M007 01	1723
242 M008 01	1724
242 M010 01	1725
243	1726
243 M002 01	1727
243 M003 01	1728
243 M004 01	1729
243 M005	1730
243 M006 01	1731
243 M007 01	1732
243 M008 01	1733
243 M010 01	1734
244	1735
244 M002 01	1736
244 M003 01	1737
244 M004 01	1738
244 M005	1739
244 M006 01	1740
244 M007 01	1741
244 M008 01	1742
244 M010 01	1743
245	1744
245 M002 01	1745
245 M003 01	1746
245 M004 01	1747
245 M005	1748
245 M006 01	1749
245 M007 01	1750
245 M008 01	1751
245 M010 01	1752
246	1753
246 M002 01	1754
246 M003 01	1755
246 M004 01	1756
246 M005	1757
246 M006 01	1758
246 M007 01	1759
246 M008 01	1760
246 M010 01	1761
247	1762
247 M002 01	1763
247 M003 01	1764
247 M004 01	1765
247 M005	1766
247 M006 01	1767
247 M007 01	1768
247 M008 01	1769
247 M010 01	1770
248	1771
248 M002 01	1772
248 M003 01	1773
248 M004 01	1774
248 M005	1775
248 M006 01	1776
248 M007 01	1777
248 M008 01	1778
248 M010 01	1779
249	1780
249 M002 01	1781
249 M003 01	1782
249 M004 01	1783
249 M005	1784
249 M006 01	1785
249 M007 01	1786
249 M008 01	1787
249 M010 01	1788
25	1789
25 M002 01	1790
25 M003 01	1791
25 M004 01	1792
25 M005	1793
25 M006 01	1794
25 M007 01	1795
25 M008 01	1796
25 M010 01	1797
250	1798
250 M002 01	1799
250 M003 01	1800
250 M004 01	1801
250 M005	1802
250 M006 01	1803
250 M007 01	1804
250 M008 01	1805
250 M010 01	1806
251	1807
251 M002 01	1808
251 M003 01	1809
251 M004 01	1810
251 M005	1811
251 M006 01	1812
251 M007 01	1813
251 M008 01	1814
251 M010 01	1815
252	1816
252 M002 01	1817
252 M003 01	1818
252 M004 01	1819
252 M005	1820
252 M006 01	1821
252 M007 01	1822
252 M008 01	1823
252 M010 01	1824
253	1825
253 M002 01	1826
253 M003 01	1827
253 M004 01	1828
253 M005	1829
253 M006 01	1830
253 M007 01	1831
253 M008 01	1832
253 M010 01	1833
254	1834
254 M002 01	1835
254 M003 01	1836
254 M004 01	1837
254 M005	1838
254 M006 01	1839
254 M007 01	1840
254 M008 01	1841
254 M010 01	1842
255	1843
255 M002 01	1844
255 M003 01	1845
255 M004 01	1846
255 M005	1847
255 M006 01	1848
255 M007 01	1849
255 M008 01	1850
255 M010 01	1851
256	1852
256 M002 01	1853
256 M003 01	1854
256 M004 01	1855
256 M005	1856
256 M006 01	1857
256 M007 01	1858
256 M008 01	1859
256 M010 01	1860
257	1861
257 M002 01	1862
257 M003 01	1863
257 M004 01	1864
257 M005	1865
257 M006 01	1866
257 M007 01	1867
257 M008 01	1868
257 M010 01	1869
258	1870
258 M002 01	1871
258 M003 01	1872
258 M004 01	1873
258 M005	1874
258 M006 01	1875
258 M007 01	1876
258 M008 01	1877
258 M010 01	1878
259	1879
259 M002 01	1880
259 M003 01	1881
259 M004 01	1882
259 M005	1883
259 M006 01	1884
259 M007 01	1885
259 M008 01	1886
259 M010 01	1887
26	1888
26 M002 01	1889
26 M003 01	1890
26 M004 01	1891
26 M005	1892
26 M006 01	1893
26 M007 01	1894
26 M008 01	1895
26 M010 01	1896
260	1897
260 M002 01	1898
260 M003 01	1899
260 M004 01	1900
260 M005	1901
260 M006 01	1902
260 M007 01	1903
260 M008 01	1904
260 M010 01	1905
261	1906
261 M002 01	1907
261 M003 01	1908
261 M004 01	1909
261 M005	1910
261 M006 01	1911
261 M007 01	1912
261 M008 01	1913
261 M010 01	1914
262	1915
262 M002 01	1916
262 M003 01	1917
262 M004 01	1918
262 M005	1919
262 M006 01	1920
262 M007 01	1921
262 M008 01	1922
262 M010 01	1923
263	1924
263 M002 01	1925
263 M003 01	1926
263 M004 01	1927
263 M005	1928
263 M006 01	1929
263 M007 01	1930
263 M008 01	1931
263 M010 01	1932
264	1933
264 M002 01	1934
264 M003 01	1935
264 M004 01	1936
264 M005	1937
264 M006 01	1938
264 M007 01	1939
264 M008 01	1940
264 M010 01	1941
265	1942
265 M002 01	1943
265 M003 01	1944
265 M004 01	1945
265 M005	1946
265 M006 01	1947
265 M007 01	1948
265 M008 01	1949
265 M010 01	1950
266	1951
266 M002 01	1952
266 M003 01	1953
266 M004 01	1954
266 M005	1955
266 M006 01	1956
266 M007 01	1957
266 M008 01	1958
266 M010 01	1959
267	1960
267 M002 01	1961
267 M003 01	1962
267 M004 01	1963
267 M005	1964
267 M006 01	1965
267 M007 01	1966
267 M008 01	1967
267 M010 01	1968
268	1969
268 M002 01	1970
268 M003 01	1971
268 M004 01	1972
268 M005	1973
268 M006 01	1974
268 M007 01	1975
268 M008 01	1976
268 M010 01	1977
269	1978
269 M002 01	1979
269 M003 01	1980
269 M004 01	1981
269 M005	1982
269 M006 01	1983
269 M007 01	1984
269 M008 01	1985
269 M010 01	1986
27	1987
27 M002 01	1988
27 M003 01	1989
27 M004 01	1990
27 M005	1991
27 M006 01	1992
27 M007 01	1993
27 M008 01	1994
27 M010 01	1995
270	1996
270 M002 01	1997
270 M003 01	1998
270 M004 01	1999
270 M005	2000
270 M006 01	2001
270 M007 01	2002
270 M008 01	2003
270 M010 01	2004
271	2005
271 M002 01	2006
271 M003 01	2007
271 M004 01	2008
271 M005	2009
271 M006 01	2010
271 M007 01	2011
271 M008 01	2012
271 M010 01	2013
272	2014
272 M002 01	2015
272 M003 01	2016
272 M004 01	2017
272 M005	2018
272 M006 01	2019
272 M007 01	2020
272 M008 01	2021
272 M010 01	2022
273	2023
273 M002 01	2024
273 M003 01	2025
273 M004 01	2026
273 M005	2027
273 M006 01	2028
273 M007 01	2029
273 M008 01	2030
273 M010 01	2031
274	2032
274 M002 01	2033
274 M003 01	2034
274 M004 01	2035
274 M005	2036
274 M006 01	2037
274 M007 01	2038
274 M008 01	2039
274 M010 01	2040
275	2041
275 M002 01	2042
275 M003 01	2043
275 M004 01	2044
275 M005	2045
275 M006 01	2046
275 M007 01	2047
275 M008 01	2048
275 M010 01	2049
276	2050
276 M002 01	2051
276 M003 01	2052
276 M004 01	2053
276 M005	2054
276 M006 01	2055
276 M007 01	2056
276 M008 01	2057
276 M010 01	2058
277	2059
277 M002 01	2060
277 M003 01	2061
277 M004 01	2062
277 M005	2063
277 M006 01	2064
277 M007 01	2065
277 M008 01	2066
277 M010 01	2067
278	2068
278 M002 01	2069
278 M003 01	2070
278 M004 01	2071
278 M005	2072
278 M006 01	2073
278 M007 01	2074
278 M008 01	2075
278 M010 01	2076
279	2077
279 M002 01	2078
279 M003 01	2079
279 M004 01	2080
279 M005	2081
279 M006 01	2082
279 M007 01	2083
279 M008 01	2084
279 M010 01	2085
28	2086
28 M002 01	2087
28 M003 01	2088
28 M004 01	2089
28 M005	2090
28 M006 01	2091
28 M007 01	2092
28 M008 01	2093
28 M010 01	2094
280	2095
280 M002 01	2096
280 M003 01	2097
280 M004 01	2098
280 M005	2099
280 M006 01	2100
280 M007 01	2101
280 M008 01	2102
280 M010 01	2103
281	2104
281 M002 01	2105
281 M003 01	2106
281 M004 01	2107
281 M005	2108
281 M006 01	2109
281 M007 01	2110
281 M008 01	2111
281 M010 01	2112
282	2113
282 M002 01	2114
282 M003 01	2115
282 M004 01	2116
282 M005	2117
282 M006 01	2118
282 M007 01	2119
282 M008 01	2120
282 M010 01	2121
283	2122
283 M002 01	2123
283 M003 01	2124
283 M004 01	2125
283 M005	2126
283 M006 01	2127
283 M007 01	2128
283 M008 01	2129
283 M010 01	2130
284	2131
284 M002 01	2132
284 M003 01	2133
284 M004 01	2134
284 M005	2135
284 M006 01	2136
284 M007 01	2137
284 M008 01	2138
284 M010 01	2139
285	2140
285 M002 01	2141
285 M003 01	2142
285 M004 01	2143
285 M005	2144
285 M006 01	2145
285 M007 01	2146
285 M008 01	2147
285 M010 01	2148
286	2149
286 M002 01	2150
286 M003 01	2151
286 M004 01	2152
286 M005	2153
286 M006 01	2154
286 M007 01	2155
286 M008 01	2156
286 M010 01	2157
287	2158
287 M002 01	2159
287 M003 01	2160
287 M004 01	2161
287 M005	2162
287 M006 01	2163
287 M007 01	2164
287 M008 01	2165
287 M010 01	2166
288	2167
288 M002 01	2168
288 M003 01	2169
288 M004 01	2170
288 M005	2171
288 M006 01	2172
288 M007 01	2173
288 M008 01	2174
288 M010 01	2175
289	2176
289 M002 01	2177
289 M003 01	2178
289 M004 01	2179
289 M005	2180
289 M006 01	2181
289 M007 01	2182
289 M008 01	2183
289 M010 01	2184
29	2185
29 M002 01	2186
29 M003 01	2187
29 M004 01	2188
29 M005	2189
29 M006 01	2190
29 M007 01	2191
29 M008 01	2192
29 M010 01	2193
290	2194
290 M002 01	2195
290 M003 01	2196
290 M004 01	2197
290 M005	2198
290 M006 01	2199
290 M007 01	2200
290 M008 01	2201
290 M010 01	2202
291	2203
291 M002 01	2204
291 M003 01	2205
291 M004 01	2206
291 M005	2207
291 M006 01	2208
291 M007 01	2209
291 M008 01	2210
291 M010 01	2211
292	2212
292 M002 01	2213
292 M003 01	2214
292 M004 01	2215
292 M005	2216
292 M006 01	2217
292 M007 01	2218
292 M008 01	2219
292 M010 01	2220
293	2221
293 M002 01	2222
293 M003 01	2223
293 M004 01	2224
293 M005	2225
293 M006 01	2226
293 M007 01	2227
293 M008 01	2228
293 M010 01	2229
294	2230
294 M002 01	2231
294 M003 01	2232
294 M004 01	2233
294 M005	2234
294 M006 01	2235
294 M007 01	2236
294 M008 01	2237
294 M010 01	2238
295	2239
295 M002 01	2240
295 M003 01	2241
295 M004 01	2242
295 M005	2243
295 M006 01	2244
295 M007 01	2245
295 M008 01	2246
295 M010 01	2247
296	2248
296 M002 01	2249
296 M003 01	2250
296 M004 01	2251
296 M005	2252
296 M006 01	2253
296 M007 01	2254
296 M008 01	2255
296 M010 01	2256
297	2257
297 M002 01	2258
297 M003 01	2259
297 M004 01	2260
297 M005	2261
297 M006 01	2262
297 M007 01	2263
297 M008 01	2264
297 M010 01	2265
298	2266
298 M002 01	2267
298 M003 01	2268
298 M004 01	2269
298 M005	2270
298 M006 01	2271
298 M007 01	2272
298 M008 01	2273
298 M010 01	2274
299	2275
299 M002 01	2276
299 M003 01	2277
299 M004 01	2278
299 M005	2279
299 M006 01	2280
299 M007 01	2281
299 M008 01	2282
299 M010 01	2283
3	2284
3 M002 01	2285
3 M003 01	2286
3 M004 01	2287
3 M005	2288
3 M006 01	2289
3 M007 01	2290
3 M008 01	2291
3 M010 01	2292
30	2293
30 M002 01	2294
30 M003 01	2295
30 M004 01	2296
30 M005	2297
30 M006 01	2298
30 M007 01	2299
30 M008 01	2300
30 M010 01	2301
300	2302
300 M002 01	2303
300 M003 01	2304
300 M004 01	2305
300 M005	2306
300 M006 01	2307
300 M007 01	2308
300 M008 01	2309
300 M010 01	2310
30010001	2311
30010002	2312
30010003	2313
30010004	2314
30010005	2315
30010006	2316
30020001	2317
30020002	2318
30020003	2319
30020004	2320
30020005	2321
30020006	2322
30030001	2323
30030002	2324
30030003	2325
30030004	2326
30030005	2327
30030006	2328
30040001	2329
30040002	2330
30040003	2331
30040004	2332
30040005	2333
30040006	2334
30060001	2335
30060002	2336
30060003	2337
30060004	2338
30060005	2339
30060006	2340
30070001	2341
30070002	2342
30070003	2343
30070004	2344
30070005	2345
30070006	2346
30080001	2347
30080002	2348
30080003	2349
30080004	2350
30080005	2351
30080006	2352
30090001	2353
30090002	2354
30090003	2355
30090004	2356
30090005	2357
30090006	2358
301	2359
301 M002 01	2360
301 M003 01	2361
301 M004 01	2362
301 M005	2363
301 M006 01	2364
301 M007 01	2365
301 M008 01	2366
301 M010 01	2367
30100001	2368
30100002	2369
30100003	2370
30100004	2371
30100005	2372
30100006	2373
30110001	2374
30110002	2375
30110003	2376
30110004	2377
30110005	2378
30110006	2379
30120001	2380
30120002	2381
30120003	2382
30120004	2383
30120005	2384
30120006	2385
30120007	2386
30130001	2387
30130002	2388
30130003	2389
30130004	2390
30130005	2391
30130006	2392
30130007	2393
30140001	2394
30140002	2395
30140003	2396
30140004	2397
30140005	2398
30140006	2399
30140007	2400
30150001	2401
30150002	2402
30150003	2403
30150004	2404
30150005	2405
30150006	2406
30150007	2407
30160001	2408
30160002	2409
30160003	2410
30160004	2411
30160005	2412
30160006	2413
30170001	2414
30170002	2415
30170003	2416
30170004	2417
30170005	2418
30170006	2419
30180001	2420
30180002	2421
30180003	2422
30180004	2423
30180005	2424
30180006	2425
30190001	2426
30190002	2427
30190003	2428
30190004	2429
30190005	2430
30190006	2431
302	2432
302 M002 01	2433
302 M003 01	2434
302 M004 01	2435
302 M005	2436
302 M006 01	2437
302 M007 01	2438
302 M008 01	2439
302 M010 01	2440
30200001	2441
30200002	2442
30200003	2443
30200004	2444
30200005	2445
30200006	2446
30210001	2447
30210002	2448
30210003	2449
30210004	2450
30210005	2451
30210006	2452
30220001	2453
30220002	2454
30220003	2455
30220004	2456
30220005	2457
30220006	2458
30230001	2459
30230002	2460
30230003	2461
30230004	2462
30230005	2463
30230006	2464
30240001	2465
30240002	2466
30240003	2467
30240004	2468
30240005	2469
30240006	2470
30250001	2471
30250002	2472
30250003	2473
30250004	2474
30250005	2475
30250006	2476
30260101	2477
30260102	2478
303	2479
303 M002 01	2480
303 M003 01	2481
303 M004 01	2482
303 M005	2483
303 M006 01	2484
303 M007 01	2485
303 M008 01	2486
303 M010 01	2487
304	2488
304 M002 01	2489
304 M003 01	2490
304 M004 01	2491
304 M005	2492
304 M006 01	2493
304 M007 01	2494
304 M008 01	2495
304 M010 01	2496
305	2497
305 M002 01	2498
305 M003 01	2499
305 M004 01	2500
305 M005	2501
305 M006 01	2502
305 M007 01	2503
305 M008 01	2504
305 M010 01	2505
306	2506
306 M002 01	2507
306 M003 01	2508
306 M004 01	2509
306 M005	2510
306 M006 01	2511
306 M007 01	2512
306 M008 01	2513
306 M010 01	2514
307	2515
307 M002 01	2516
307 M003 01	2517
307 M004 01	2518
307 M005	2519
307 M006 01	2520
307 M007 01	2521
307 M008 01	2522
307 M010 01	2523
308	2524
308 M002 01	2525
308 M003 01	2526
308 M004 01	2527
308 M005	2528
308 M006 01	2529
308 M007 01	2530
308 M008 01	2531
308 M010 01	2532
309	2533
309 SU01 01	2534
309 SU01 02	2535
309 SU01 03	2536
309 SU01 04	2537
309 SU01 05	2538
309 SU01 06	2539
309 SU01 07	2540
309 SU01 08	2541
309 SU01 09	2542
309 SU01 10	2543
31	2544
31 M002 01	2545
31 M003 01	2546
31 M004 01	2547
31 M005	2548
31 M006 01	2549
31 M007 01	2550
31 M008 01	2551
31 M010 01	2552
310	2553
310 SU01 01	2554
310 SU01 02	2555
310 SU01 03	2556
310 SU01 04	2557
310 SU01 05	2558
310 SU01 06	2559
310 SU01 07	2560
310 SU01 08	2561
310 SU01 09	2562
310 SU01 10	2563
311	2564
311 SU01 01	2565
311 SU01 02	2566
311 SU01 03	2567
311 SU01 04	2568
311 SU01 05	2569
311 SU01 06	2570
311 SU01 07	2571
311 SU01 08	2572
311 SU01 09	2573
311 SU01 10	2574
312	2575
312 SU01 01	2576
312 SU01 02	2577
312 SU01 03	2578
312 SU01 04	2579
312 SU01 05	2580
312 SU01 06	2581
312 SU01 07	2582
312 SU01 08	2583
312 SU01 09	2584
312 SU01 10	2585
313	2586
313 SU01 01	2587
313 SU01 02	2588
313 SU01 03	2589
313 SU01 04	2590
313 SU01 05	2591
313 SU01 06	2592
313 SU01 07	2593
313 SU01 08	2594
313 SU01 09	2595
313 SU01 10	2596
314	2597
314 SU01 01	2598
314 SU01 02	2599
314 SU01 03	2600
314 SU01 04	2601
314 SU01 05	2602
314 SU01 06	2603
314 SU01 07	2604
314 SU01 08	2605
314 SU01 09	2606
314 SU01 10	2607
315	2608
315 SU01 01	2609
315 SU01 02	2610
315 SU01 03	2611
315 SU01 04	2612
315 SU01 05	2613
315 SU01 06	2614
315 SU01 07	2615
315 SU01 08	2616
315 SU01 09	2617
315 SU01 10	2618
316	2619
316 SU01 01	2620
316 SU01 02	2621
316 SU01 03	2622
316 SU01 04	2623
316 SU01 05	2624
316 SU01 06	2625
316 SU01 07	2626
316 SU01 08	2627
316 SU01 09	2628
316 SU01 10	2629
317	2630
317 SU01 01	2631
317 SU01 02	2632
317 SU01 03	2633
317 SU01 04	2634
317 SU01 05	2635
317 SU01 06	2636
317 SU01 07	2637
317 SU01 08	2638
317 SU01 09	2639
317 SU01 10	2640
318	2641
318 SU01 01	2642
318 SU01 02	2643
318 SU01 03	2644
318 SU01 04	2645
318 SU01 05	2646
318 SU01 06	2647
318 SU01 07	2648
318 SU01 08	2649
318 SU01 09	2650
318 SU01 10	2651
319	2652
319 SU01 01	2653
319 SU01 02	2654
319 SU01 03	2655
319 SU01 04	2656
319 SU01 05	2657
319 SU01 06	2658
319 SU01 07	2659
319 SU01 08	2660
319 SU01 09	2661
319 SU01 10	2662
32	2663
32 M002 01	2664
32 M003 01	2665
32 M004 01	2666
32 M005	2667
32 M006 01	2668
32 M007 01	2669
32 M008 01	2670
32 M010 01	2671
320	2672
320 SU01 01	2673
320 SU01 02	2674
320 SU01 03	2675
320 SU01 04	2676
320 SU01 05	2677
320 SU01 06	2678
320 SU01 07	2679
320 SU01 08	2680
320 SU01 09	2681
320 SU01 10	2682
321	2683
321 SU01 01	2684
321 SU01 02	2685
321 SU01 03	2686
321 SU01 04	2687
321 SU01 05	2688
321 SU01 06	2689
321 SU01 07	2690
321 SU01 08	2691
321 SU01 09	2692
321 SU01 10	2693
322	2694
322 SU01 01	2695
322 SU01 02	2696
322 SU01 03	2697
322 SU01 04	2698
322 SU01 05	2699
322 SU01 06	2700
322 SU01 07	2701
322 SU01 08	2702
322 SU01 09	2703
322 SU01 10	2704
323	2705
323 SU01 01	2706
323 SU01 02	2707
323 SU01 03	2708
323 SU01 04	2709
323 SU01 05	2710
323 SU01 06	2711
323 SU01 07	2712
323 SU01 08	2713
323 SU01 09	2714
323 SU01 10	2715
324	2716
324 SU01 01	2717
324 SU01 02	2718
324 SU01 03	2719
324 SU01 04	2720
324 SU01 05	2721
324 SU01 06	2722
324 SU01 07	2723
324 SU01 08	2724
324 SU01 09	2725
324 SU01 10	2726
325	2727
325 SU01 01	2728
325 SU01 02	2729
325 SU01 03	2730
325 SU01 04	2731
325 SU01 05	2732
325 SU01 06	2733
325 SU01 07	2734
325 SU01 08	2735
325 SU01 09	2736
325 SU01 10	2737
326	2738
326 SU01 01	2739
326 SU01 02	2740
326 SU01 03	2741
326 SU01 04	2742
326 SU01 05	2743
326 SU01 06	2744
326 SU01 07	2745
326 SU01 08	2746
326 SU01 09	2747
326 SU01 10	2748
327	2749
327 SU01 01	2750
327 SU01 02	2751
327 SU01 03	2752
327 SU01 04	2753
327 SU01 05	2754
327 SU01 06	2755
327 SU01 07	2756
327 SU01 08	2757
327 SU01 09	2758
327 SU01 10	2759
328	2760
328 SU01 01	2761
328 SU01 02	2762
328 SU01 03	2763
328 SU01 04	2764
328 SU01 05	2765
328 SU01 06	2766
328 SU01 07	2767
328 SU01 08	2768
328 SU01 09	2769
328 SU01 10	2770
329	2771
329 SU01 01	2772
329 SU01 02	2773
329 SU01 03	2774
329 SU01 04	2775
329 SU01 05	2776
329 SU01 06	2777
329 SU01 07	2778
329 SU01 08	2779
329 SU01 09	2780
329 SU01 10	2781
33	2782
33 M002 01	2783
33 M003 01	2784
33 M004 01	2785
33 M005	2786
33 M006 01	2787
33 M007 01	2788
33 M008 01	2789
33 M010 01	2790
330	2791
330 SU01 01	2792
330 SU01 02	2793
330 SU01 03	2794
330 SU01 04	2795
330 SU01 05	2796
330 SU01 06	2797
330 SU01 07	2798
330 SU01 08	2799
330 SU01 09	2800
330 SU01 10	2801
331	2802
331 SU01 01	2803
331 SU01 02	2804
331 SU01 03	2805
331 SU01 04	2806
331 SU01 05	2807
331 SU01 06	2808
331 SU01 07	2809
331 SU01 08	2810
331 SU01 09	2811
331 SU01 10	2812
332	2813
332 SU01 01	2814
332 SU01 02	2815
332 SU01 03	2816
332 SU01 04	2817
332 SU01 05	2818
332 SU01 06	2819
332 SU01 07	2820
332 SU01 08	2821
332 SU01 09	2822
332 SU01 10	2823
333	2824
333 SU01 01	2825
333 SU01 02	2826
333 SU01 03	2827
333 SU01 04	2828
333 SU01 05	2829
333 SU01 06	2830
333 SU01 07	2831
333 SU01 08	2832
333 SU01 09	2833
333 SU01 10	2834
334	2835
334 SU01 01	2836
334 SU01 02	2837
334 SU01 03	2838
334 SU01 04	2839
334 SU01 05	2840
334 SU01 06	2841
334 SU01 07	2842
334 SU01 08	2843
334 SU01 09	2844
334 SU01 10	2845
335	2846
335 SU01 01	2847
335 SU01 02	2848
335 SU01 03	2849
335 SU01 04	2850
335 SU01 05	2851
335 SU01 06	2852
335 SU01 07	2853
335 SU01 08	2854
335 SU01 09	2855
335 SU01 10	2856
336	2857
336 SU01 01	2858
336 SU01 02	2859
336 SU01 03	2860
336 SU01 04	2861
336 SU01 05	2862
336 SU01 06	2863
336 SU01 07	2864
336 SU01 08	2865
336 SU01 09	2866
336 SU01 10	2867
337	2868
337 SU01 01	2869
337 SU01 02	2870
337 SU01 03	2871
337 SU01 04	2872
337 SU01 05	2873
337 SU01 06	2874
337 SU01 07	2875
337 SU01 08	2876
337 SU01 09	2877
337 SU01 10	2878
338	2879
338 SU01 01	2880
338 SU01 02	2881
338 SU01 03	2882
338 SU01 04	2883
338 SU01 05	2884
338 SU01 06	2885
338 SU01 07	2886
338 SU01 08	2887
338 SU01 09	2888
338 SU01 10	2889
339	2890
339 SU01 01	2891
339 SU01 02	2892
339 SU01 03	2893
339 SU01 04	2894
339 SU01 05	2895
339 SU01 06	2896
339 SU01 07	2897
339 SU01 08	2898
339 SU01 09	2899
339 SU01 10	2900
34	2901
34 M002 01	2902
34 M003 01	2903
34 M004 01	2904
34 M005	2905
34 M006 01	2906
34 M007 01	2907
34 M008 01	2908
34 M010 01	2909
340	2910
340 SU01 01	2911
340 SU01 02	2912
340 SU01 03	2913
340 SU01 04	2914
340 SU01 05	2915
340 SU01 06	2916
340 SU01 07	2917
340 SU01 08	2918
340 SU01 09	2919
340 SU01 10	2920
341	2921
341 SU01 01	2922
341 SU01 02	2923
341 SU01 03	2924
341 SU01 04	2925
341 SU01 05	2926
341 SU01 06	2927
341 SU01 07	2928
341 SU01 08	2929
341 SU01 09	2930
341 SU01 10	2931
342	2932
342 SU01 01	2933
342 SU01 02	2934
342 SU01 03	2935
342 SU01 04	2936
342 SU01 05	2937
342 SU01 06	2938
342 SU01 07	2939
342 SU01 08	2940
342 SU01 09	2941
342 SU01 10	2942
343	2943
343 SU01 01	2944
343 SU01 02	2945
343 SU01 03	2946
343 SU01 04	2947
343 SU01 05	2948
343 SU01 06	2949
343 SU01 07	2950
343 SU01 08	2951
343 SU01 09	2952
343 SU01 10	2953
344	2954
344 SU01 01	2955
344 SU01 02	2956
344 SU01 03	2957
344 SU01 04	2958
344 SU01 05	2959
344 SU01 06	2960
344 SU01 07	2961
344 SU01 08	2962
344 SU01 09	2963
344 SU01 10	2964
345	2965
345 SU01 01	2966
345 SU01 02	2967
345 SU01 03	2968
345 SU01 04	2969
345 SU01 05	2970
345 SU01 06	2971
345 SU01 07	2972
345 SU01 08	2973
345 SU01 09	2974
345 SU01 10	2975
346	2976
346 SU01 01	2977
346 SU01 02	2978
346 SU01 03	2979
346 SU01 04	2980
346 SU01 05	2981
346 SU01 06	2982
346 SU01 07	2983
346 SU01 08	2984
346 SU01 09	2985
346 SU01 10	2986
347	2987
347 SU01 01	2988
347 SU01 02	2989
347 SU01 03	2990
347 SU01 04	2991
347 SU01 05	2992
347 SU01 06	2993
347 SU01 07	2994
347 SU01 08	2995
347 SU01 09	2996
347 SU01 10	2997
348	2998
348 SU01 01	2999
348 SU01 02	3000
348 SU01 03	3001
348 SU01 04	3002
348 SU01 05	3003
348 SU01 06	3004
348 SU01 07	3005
348 SU01 08	3006
348 SU01 09	3007
348 SU01 10	3008
349	3009
349 SU01 01	3010
349 SU01 02	3011
349 SU01 03	3012
349 SU01 04	3013
349 SU01 05	3014
349 SU01 06	3015
349 SU01 07	3016
349 SU01 08	3017
349 SU01 09	3018
349 SU01 10	3019
35	3020
35 M002 01	3021
35 M003 01	3022
35 M004 01	3023
35 M005	3024
35 M006 01	3025
35 M007 01	3026
35 M008 01	3027
35 M010 01	3028
350	3029
350 SU01 01	3030
350 SU01 02	3031
350 SU01 03	3032
350 SU01 04	3033
350 SU01 05	3034
350 SU01 06	3035
350 SU01 07	3036
350 SU01 08	3037
350 SU01 09	3038
350 SU01 10	3039
351	3040
351 SU01 01	3041
351 SU01 02	3042
351 SU01 03	3043
351 SU01 04	3044
351 SU01 05	3045
351 SU01 06	3046
351 SU01 07	3047
351 SU01 08	3048
351 SU01 09	3049
351 SU01 10	3050
352	3051
352 SU01 01	3052
352 SU01 02	3053
352 SU01 03	3054
352 SU01 04	3055
352 SU01 05	3056
352 SU01 06	3057
352 SU01 07	3058
352 SU01 08	3059
352 SU01 09	3060
352 SU01 10	3061
353	3062
353 SU01 01	3063
353 SU01 02	3064
353 SU01 03	3065
353 SU01 04	3066
353 SU01 05	3067
353 SU01 06	3068
353 SU01 07	3069
353 SU01 08	3070
353 SU01 09	3071
353 SU01 10	3072
354	3073
354 SU01 01	3074
354 SU01 02	3075
354 SU01 03	3076
354 SU01 04	3077
354 SU01 05	3078
354 SU01 06	3079
354 SU01 07	3080
354 SU01 08	3081
354 SU01 09	3082
354 SU01 10	3083
355	3084
355 SU01 01	3085
355 SU01 02	3086
355 SU01 03	3087
355 SU01 04	3088
355 SU01 05	3089
355 SU01 06	3090
355 SU01 07	3091
355 SU01 08	3092
355 SU01 09	3093
355 SU01 10	3094
356	3095
356 SU01 01	3096
356 SU01 02	3097
356 SU01 03	3098
356 SU01 04	3099
356 SU01 05	3100
356 SU01 06	3101
356 SU01 07	3102
356 SU01 08	3103
356 SU01 09	3104
356 SU01 10	3105
357	3106
357 SU01 01	3107
357 SU01 02	3108
357 SU01 03	3109
357 SU01 04	3110
357 SU01 05	3111
357 SU01 06	3112
357 SU01 07	3113
357 SU01 08	3114
357 SU01 09	3115
357 SU01 10	3116
358	3117
358 SU01 01	3118
358 SU01 02	3119
358 SU01 03	3120
358 SU01 04	3121
358 SU01 05	3122
358 SU01 06	3123
358 SU01 07	3124
358 SU01 08	3125
358 SU01 09	3126
358 SU01 10	3127
359	3128
359 SU01 01	3129
359 SU01 02	3130
359 SU01 03	3131
359 SU01 04	3132
359 SU01 05	3133
359 SU01 06	3134
359 SU01 07	3135
359 SU01 08	3136
359 SU01 09	3137
359 SU01 10	3138
36	3139
36 M002 01	3140
36 M003 01	3141
36 M004 01	3142
36 M005	3143
36 M006 01	3144
36 M007 01	3145
36 M008 01	3146
36 M010 01	3147
360	3148
360 SU01 01	3149
360 SU01 02	3150
360 SU01 03	3151
360 SU01 04	3152
360 SU01 05	3153
360 SU01 06	3154
360 SU01 07	3155
360 SU01 08	3156
360 SU01 09	3157
360 SU01 10	3158
361	3159
361 SU01 01	3160
361 SU01 02	3161
361 SU01 03	3162
361 SU01 04	3163
361 SU01 05	3164
361 SU01 06	3165
361 SU01 07	3166
361 SU01 08	3167
361 SU01 09	3168
361 SU01 10	3169
362	3170
362 SU01 01	3171
362 SU01 02	3172
362 SU01 03	3173
362 SU01 04	3174
362 SU01 05	3175
362 SU01 06	3176
362 SU01 07	3177
362 SU01 08	3178
362 SU01 09	3179
362 SU01 10	3180
363	3181
363 SU01 01	3182
363 SU01 02	3183
363 SU01 03	3184
363 SU01 04	3185
363 SU01 05	3186
363 SU01 06	3187
363 SU01 07	3188
363 SU01 08	3189
363 SU01 09	3190
363 SU01 10	3191
364	3192
364 SU01 01	3193
364 SU01 02	3194
364 SU01 03	3195
364 SU01 04	3196
364 SU01 05	3197
364 SU01 06	3198
364 SU01 07	3199
364 SU01 08	3200
364 SU01 09	3201
364 SU01 10	3202
365	3203
365 SU01 01	3204
365 SU01 02	3205
365 SU01 03	3206
365 SU01 04	3207
365 SU01 05	3208
365 SU01 06	3209
365 SU01 07	3210
365 SU01 08	3211
365 SU01 09	3212
365 SU01 10	3213
366	3214
366 SU01 01	3215
366 SU01 02	3216
366 SU01 03	3217
366 SU01 04	3218
366 SU01 05	3219
366 SU01 06	3220
366 SU01 07	3221
366 SU01 08	3222
366 SU01 09	3223
366 SU01 10	3224
367	3225
367 SU01 01	3226
367 SU01 02	3227
367 SU01 03	3228
367 SU01 04	3229
367 SU01 05	3230
367 SU01 06	3231
367 SU01 07	3232
367 SU01 08	3233
367 SU01 09	3234
367 SU01 10	3235
368	3236
368 SU01 01	3237
368 SU01 02	3238
368 SU01 03	3239
368 SU01 04	3240
368 SU01 05	3241
368 SU01 06	3242
368 SU01 07	3243
368 SU01 08	3244
368 SU01 09	3245
368 SU01 10	3246
369	3247
369 SU01 01	3248
369 SU01 02	3249
369 SU01 03	3250
369 SU01 04	3251
369 SU01 05	3252
369 SU01 06	3253
369 SU01 07	3254
369 SU01 08	3255
369 SU01 09	3256
369 SU01 10	3257
37	3258
37 M002 01	3259
37 M003 01	3260
37 M004 01	3261
37 M005	3262
37 M006 01	3263
37 M007 01	3264
37 M008 01	3265
37 M010 01	3266
370	3267
370 SU01 01	3268
370 SU01 02	3269
370 SU01 03	3270
370 SU01 04	3271
370 SU01 05	3272
370 SU01 06	3273
370 SU01 07	3274
370 SU01 08	3275
370 SU01 09	3276
370 SU01 10	3277
371	3278
371 SU01 01	3279
371 SU01 02	3280
371 SU01 03	3281
371 SU01 04	3282
371 SU01 05	3283
371 SU01 06	3284
371 SU01 07	3285
371 SU01 08	3286
371 SU01 09	3287
371 SU01 10	3288
372	3289
372 SU01 01	3290
372 SU01 02	3291
372 SU01 03	3292
372 SU01 04	3293
372 SU01 05	3294
372 SU01 06	3295
372 SU01 07	3296
372 SU01 08	3297
372 SU01 09	3298
372 SU01 10	3299
373	3300
373 SU01 01	3301
373 SU01 02	3302
373 SU01 03	3303
373 SU01 04	3304
373 SU01 05	3305
373 SU01 06	3306
373 SU01 07	3307
373 SU01 08	3308
373 SU01 09	3309
373 SU01 10	3310
374	3311
374 SU01 01	3312
374 SU01 02	3313
374 SU01 03	3314
374 SU01 04	3315
374 SU01 05	3316
374 SU01 06	3317
374 SU01 07	3318
374 SU01 08	3319
374 SU01 09	3320
374 SU01 10	3321
375	3322
375 SU01 01	3323
375 SU01 02	3324
375 SU01 03	3325
375 SU01 04	3326
375 SU01 05	3327
375 SU01 06	3328
375 SU01 07	3329
375 SU01 08	3330
375 SU01 09	3331
375 SU01 10	3332
376	3333
376 SU01 01	3334
376 SU01 02	3335
376 SU01 03	3336
376 SU01 04	3337
376 SU01 05	3338
376 SU01 06	3339
376 SU01 07	3340
376 SU01 08	3341
376 SU01 09	3342
376 SU01 10	3343
377	3344
377 SU01 01	3345
377 SU01 02	3346
377 SU01 03	3347
377 SU01 04	3348
377 SU01 05	3349
377 SU01 06	3350
377 SU01 07	3351
377 SU01 08	3352
377 SU01 09	3353
377 SU01 10	3354
378	3355
378 SU01 01	3356
378 SU01 02	3357
378 SU01 03	3358
378 SU01 04	3359
378 SU01 05	3360
378 SU01 06	3361
378 SU01 07	3362
378 SU01 08	3363
378 SU01 09	3364
378 SU01 10	3365
379	3366
379 SU01 01	3367
379 SU01 02	3368
379 SU01 03	3369
379 SU01 04	3370
379 SU01 05	3371
379 SU01 06	3372
379 SU01 07	3373
379 SU01 08	3374
379 SU01 09	3375
379 SU01 10	3376
38	3377
38 M002 01	3378
38 M003 01	3379
38 M004 01	3380
38 M005	3381
38 M006 01	3382
38 M007 01	3383
38 M008 01	3384
38 M010 01	3385
380	3386
380 SU01 01	3387
380 SU01 02	3388
380 SU01 03	3389
380 SU01 04	3390
380 SU01 05	3391
380 SU01 06	3392
380 SU01 07	3393
380 SU01 08	3394
380 SU01 09	3395
380 SU01 10	3396
381	3397
381 SU01 01	3398
381 SU01 02	3399
381 SU01 03	3400
381 SU01 04	3401
381 SU01 05	3402
381 SU01 06	3403
381 SU01 07	3404
381 SU01 08	3405
381 SU01 09	3406
381 SU01 10	3407
382	3408
382 SU01 01	3409
382 SU01 02	3410
382 SU01 03	3411
382 SU01 04	3412
382 SU01 05	3413
382 SU01 06	3414
382 SU01 07	3415
382 SU01 08	3416
382 SU01 09	3417
382 SU01 10	3418
383	3419
383 SU01 01	3420
383 SU01 02	3421
383 SU01 03	3422
383 SU01 04	3423
383 SU01 05	3424
383 SU01 06	3425
383 SU01 07	3426
383 SU01 08	3427
383 SU01 09	3428
383 SU01 10	3429
384	3430
384 SU01 01	3431
384 SU01 02	3432
384 SU01 03	3433
384 SU01 04	3434
384 SU01 05	3435
384 SU01 06	3436
384 SU01 07	3437
384 SU01 08	3438
384 SU01 09	3439
384 SU01 10	3440
385	3441
385 SU01 01	3442
385 SU01 02	3443
385 SU01 03	3444
385 SU01 04	3445
385 SU01 05	3446
385 SU01 06	3447
385 SU01 07	3448
385 SU01 08	3449
385 SU01 09	3450
385 SU01 10	3451
386	3452
386 SU01 01	3453
386 SU01 02	3454
386 SU01 03	3455
386 SU01 04	3456
386 SU01 05	3457
386 SU01 06	3458
386 SU01 07	3459
386 SU01 08	3460
386 SU01 09	3461
386 SU01 10	3462
387	3463
387 SU01 01	3464
387 SU01 02	3465
387 SU01 03	3466
387 SU01 04	3467
387 SU01 05	3468
387 SU01 06	3469
387 SU01 07	3470
387 SU01 08	3471
387 SU01 09	3472
387 SU01 10	3473
388	3474
388 SU01 01	3475
388 SU01 02	3476
388 SU01 03	3477
388 SU01 04	3478
388 SU01 05	3479
388 SU01 06	3480
388 SU01 07	3481
388 SU01 08	3482
388 SU01 09	3483
388 SU01 10	3484
389	3485
389 SU01 01	3486
389 SU01 02	3487
389 SU01 03	3488
389 SU01 04	3489
389 SU01 05	3490
389 SU01 06	3491
389 SU01 07	3492
389 SU01 08	3493
389 SU01 09	3494
389 SU01 10	3495
39	3496
39 M002 01	3497
39 M003 01	3498
39 M004 01	3499
39 M005	3500
39 M006 01	3501
39 M007 01	3502
39 M008 01	3503
39 M010 01	3504
390	3505
390 SU01 01	3506
390 SU01 02	3507
390 SU01 03	3508
390 SU01 04	3509
390 SU01 05	3510
390 SU01 06	3511
390 SU01 07	3512
390 SU01 08	3513
390 SU01 09	3514
390 SU01 10	3515
391	3516
391 SU01 01	3517
391 SU01 02	3518
391 SU01 03	3519
391 SU01 04	3520
391 SU01 05	3521
391 SU01 06	3522
391 SU01 07	3523
391 SU01 08	3524
391 SU01 09	3525
391 SU01 10	3526
392	3527
392 SU01 01	3528
392 SU01 02	3529
392 SU01 03	3530
392 SU01 04	3531
392 SU01 05	3532
392 SU01 06	3533
392 SU01 07	3534
392 SU01 08	3535
392 SU01 09	3536
392 SU01 10	3537
393	3538
393 SU01 01	3539
393 SU01 02	3540
393 SU01 03	3541
393 SU01 04	3542
393 SU01 05	3543
393 SU01 06	3544
393 SU01 07	3545
393 SU01 08	3546
393 SU01 09	3547
393 SU01 10	3548
394	3549
394 SU01 01	3550
394 SU01 02	3551
394 SU01 03	3552
394 SU01 04	3553
394 SU01 05	3554
394 SU01 06	3555
394 SU01 07	3556
394 SU01 08	3557
394 SU01 09	3558
394 SU01 10	3559
395	3560
395 SU01 01	3561
395 SU01 02	3562
395 SU01 03	3563
395 SU01 04	3564
395 SU01 05	3565
395 SU01 06	3566
395 SU01 07	3567
395 SU01 08	3568
395 SU01 09	3569
395 SU01 10	3570
396	3571
396 SU01 01	3572
396 SU01 02	3573
396 SU01 03	3574
396 SU01 04	3575
396 SU01 05	3576
396 SU01 06	3577
396 SU01 07	3578
396 SU01 08	3579
396 SU01 09	3580
396 SU01 10	3581
397	3582
397 SU01 01	3583
397 SU01 02	3584
397 SU01 03	3585
397 SU01 04	3586
397 SU01 05	3587
397 SU01 06	3588
397 SU01 07	3589
397 SU01 08	3590
397 SU01 09	3591
397 SU01 10	3592
398	3593
398 SU01 01	3594
398 SU01 02	3595
398 SU01 03	3596
398 SU01 04	3597
398 SU01 05	3598
398 SU01 06	3599
398 SU01 07	3600
398 SU01 08	3601
398 SU01 09	3602
398 SU01 10	3603
399	3604
399 SU01 01	3605
399 SU01 02	3606
399 SU01 03	3607
399 SU01 04	3608
399 SU01 05	3609
399 SU01 06	3610
399 SU01 07	3611
399 SU01 08	3612
399 SU01 09	3613
399 SU01 10	3614
4	3615
4 M002 01	3616
4 M003 01	3617
4 M004 01	3618
4 M005	3619
4 M006 01	3620
4 M007 01	3621
4 M008 01	3622
4 M010 01	3623
40	3624
40 M002 01	3625
40 M003 01	3626
40 M004 01	3627
40 M005	3628
40 M006 01	3629
40 M007 01	3630
40 M008 01	3631
40 M010 01	3632
400	3633
400 SU01 01	3634
400 SU01 02	3635
400 SU01 03	3636
400 SU01 04	3637
400 SU01 05	3638
400 SU01 06	3639
400 SU01 07	3640
400 SU01 08	3641
400 SU01 09	3642
400 SU01 10	3643
401	3644
401 SU01 01	3645
401 SU01 02	3646
401 SU01 03	3647
401 SU01 04	3648
401 SU01 05	3649
401 SU01 06	3650
401 SU01 07	3651
401 SU01 08	3652
401 SU01 09	3653
401 SU01 10	3654
402	3655
402 SU01 01	3656
402 SU01 02	3657
402 SU01 03	3658
402 SU01 04	3659
402 SU01 05	3660
402 SU01 06	3661
402 SU01 07	3662
402 SU01 08	3663
402 SU01 09	3664
402 SU01 10	3665
403	3666
403 SU01 01	3667
403 SU01 02	3668
403 SU01 03	3669
403 SU01 04	3670
403 SU01 05	3671
403 SU01 06	3672
403 SU01 07	3673
403 SU01 08	3674
403 SU01 09	3675
403 SU01 10	3676
404	3677
404 UM01	3678
404 UM02	3679
404 UM03	3680
404 UM04	3681
404 UM06	3682
404 UM07	3683
404 UM08	3684
404 UM09	3685
404 UM10	3686
404 UM11	3687
404 UM12	3688
404 UM13	3689
404 UM14	3690
404 UM15	3691
404 UM16	3692
404 UM17	3693
404 UM18	3694
404 UM19	3695
404 UM20	3696
404 UM21	3697
404 UM22	3698
404 UM23	3699
404 UM24	3700
404 UM25	3701
404 UM26 01	3702
405	3703
405 UM01	3704
405 UM02	3705
405 UM03	3706
405 UM04	3707
405 UM06	3708
405 UM07	3709
405 UM08	3710
405 UM09	3711
405 UM10	3712
405 UM11	3713
405 UM12	3714
405 UM13	3715
405 UM14	3716
405 UM15	3717
405 UM16	3718
405 UM17	3719
405 UM18	3720
405 UM19	3721
405 UM20	3722
405 UM21	3723
405 UM22	3724
405 UM23	3725
405 UM24	3726
405 UM25	3727
405 UM26 01	3728
406	3729
406 UM01	3730
406 UM02	3731
406 UM03	3732
406 UM04	3733
406 UM06	3734
406 UM07	3735
406 UM08	3736
406 UM09	3737
406 UM10	3738
406 UM11	3739
406 UM12	3740
406 UM13	3741
406 UM14	3742
406 UM15	3743
406 UM16	3744
406 UM17	3745
406 UM18	3746
406 UM19	3747
406 UM20	3748
406 UM21	3749
406 UM22	3750
406 UM23	3751
406 UM24	3752
406 UM25	3753
406 UM26 01	3754
407	3755
407 UM01	3756
407 UM02	3757
407 UM03	3758
407 UM04	3759
407 UM06	3760
407 UM07	3761
407 UM08	3762
407 UM09	3763
407 UM10	3764
407 UM11	3765
407 UM12	3766
407 UM13	3767
407 UM14	3768
407 UM15	3769
407 UM16	3770
407 UM17	3771
407 UM18	3772
407 UM19	3773
407 UM20	3774
407 UM21	3775
407 UM22	3776
407 UM23	3777
407 UM24	3778
407 UM25	3779
407 UM26 01	3780
408	3781
408 UM01	3782
408 UM02	3783
408 UM03	3784
408 UM04	3785
408 UM06	3786
408 UM07	3787
408 UM08	3788
408 UM09	3789
408 UM10	3790
408 UM11	3791
408 UM12	3792
408 UM13	3793
408 UM14	3794
408 UM15	3795
408 UM16	3796
408 UM17	3797
408 UM18	3798
408 UM19	3799
408 UM20	3800
408 UM21	3801
408 UM22	3802
408 UM23	3803
408 UM24	3804
408 UM25	3805
408 UM26 01	3806
409	3807
409 UM01	3808
409 UM02	3809
409 UM03	3810
409 UM04	3811
409 UM06	3812
409 UM07	3813
409 UM08	3814
409 UM09	3815
409 UM10	3816
409 UM11	3817
409 UM12	3818
409 UM13	3819
409 UM14	3820
409 UM15	3821
409 UM16	3822
409 UM17	3823
409 UM18	3824
409 UM19	3825
409 UM20	3826
409 UM21	3827
409 UM22	3828
409 UM23	3829
409 UM24	3830
409 UM25	3831
409 UM26 01	3832
41	3833
41 M002 01	3834
41 M003 01	3835
41 M004 01	3836
41 M005	3837
41 M006 01	3838
41 M007 01	3839
41 M008 01	3840
41 M010 01	3841
410	3842
410 UM01	3843
410 UM02	3844
410 UM03	3845
410 UM04	3846
410 UM06	3847
410 UM07	3848
410 UM08	3849
410 UM09	3850
410 UM10	3851
410 UM11	3852
410 UM12	3853
410 UM13	3854
410 UM14	3855
410 UM15	3856
410 UM16	3857
410 UM17	3858
410 UM18	3859
410 UM19	3860
410 UM20	3861
410 UM21	3862
410 UM22	3863
410 UM23	3864
410 UM24	3865
410 UM25	3866
410 UM26 01	3867
411	3868
411 UM01	3869
411 UM02	3870
411 UM03	3871
411 UM04	3872
411 UM06	3873
411 UM07	3874
411 UM08	3875
411 UM09	3876
411 UM10	3877
411 UM11	3878
411 UM12	3879
411 UM13	3880
411 UM14	3881
411 UM15	3882
411 UM16	3883
411 UM17	3884
411 UM18	3885
411 UM19	3886
411 UM20	3887
411 UM21	3888
411 UM22	3889
411 UM23	3890
411 UM24	3891
411 UM25	3892
411 UM26 01	3893
412	3894
412 UM01	3895
412 UM02	3896
412 UM03	3897
412 UM04	3898
412 UM06	3899
412 UM07	3900
412 UM08	3901
412 UM09	3902
412 UM10	3903
412 UM11	3904
412 UM12	3905
412 UM13	3906
412 UM14	3907
412 UM15	3908
412 UM16	3909
412 UM17	3910
412 UM18	3911
412 UM19	3912
412 UM20	3913
412 UM21	3914
412 UM22	3915
412 UM23	3916
412 UM24	3917
412 UM25	3918
412 UM26 01	3919
413	3920
413 UM01	3921
413 UM02	3922
413 UM03	3923
413 UM04	3924
413 UM06	3925
413 UM07	3926
413 UM08	3927
413 UM09	3928
413 UM10	3929
413 UM11	3930
413 UM12	3931
413 UM13	3932
413 UM14	3933
413 UM15	3934
413 UM16	3935
413 UM17	3936
413 UM18	3937
413 UM19	3938
413 UM20	3939
413 UM21	3940
413 UM22	3941
413 UM23	3942
413 UM24	3943
413 UM25	3944
413 UM26 01	3945
414	3946
414 UM01	3947
414 UM02	3948
414 UM03	3949
414 UM04	3950
414 UM06	3951
414 UM07	3952
414 UM08	3953
414 UM09	3954
414 UM10	3955
414 UM11	3956
414 UM12	3957
414 UM13	3958
414 UM14	3959
414 UM15	3960
414 UM16	3961
414 UM17	3962
414 UM18	3963
414 UM19	3964
414 UM20	3965
414 UM21	3966
414 UM22	3967
414 UM23	3968
414 UM24	3969
414 UM25	3970
414 UM26 01	3971
415	3972
415 UM01	3973
415 UM02	3974
415 UM03	3975
415 UM04	3976
415 UM06	3977
415 UM07	3978
415 UM08	3979
415 UM09	3980
415 UM10	3981
415 UM11	3982
415 UM12	3983
415 UM13	3984
415 UM14	3985
415 UM15	3986
415 UM16	3987
415 UM17	3988
415 UM18	3989
415 UM19	3990
415 UM20	3991
415 UM21	3992
415 UM22	3993
415 UM23	3994
415 UM24	3995
415 UM25	3996
415 UM26 01	3997
416	3998
416 UM01	3999
416 UM02	4000
416 UM03	4001
416 UM04	4002
416 UM06	4003
416 UM07	4004
416 UM08	4005
416 UM09	4006
416 UM10	4007
416 UM11	4008
416 UM12	4009
416 UM13	4010
416 UM14	4011
416 UM15	4012
416 UM16	4013
416 UM17	4014
416 UM18	4015
416 UM19	4016
416 UM20	4017
416 UM21	4018
416 UM22	4019
416 UM23	4020
416 UM24	4021
416 UM25	4022
416 UM26 01	4023
417	4024
417 UM01	4025
417 UM02	4026
417 UM03	4027
417 UM04	4028
417 UM06	4029
417 UM07	4030
417 UM08	4031
417 UM09	4032
417 UM10	4033
417 UM11	4034
417 UM12	4035
417 UM13	4036
417 UM14	4037
417 UM15	4038
417 UM16	4039
417 UM17	4040
417 UM18	4041
417 UM19	4042
417 UM20	4043
417 UM21	4044
417 UM22	4045
417 UM23	4046
417 UM24	4047
417 UM25	4048
417 UM26 01	4049
418	4050
418 UM01	4051
418 UM02	4052
418 UM03	4053
418 UM04	4054
418 UM06	4055
418 UM07	4056
418 UM08	4057
418 UM09	4058
418 UM10	4059
418 UM11	4060
418 UM12	4061
418 UM13	4062
418 UM14	4063
418 UM15	4064
418 UM16	4065
418 UM17	4066
418 UM18	4067
418 UM19	4068
418 UM20	4069
418 UM21	4070
418 UM22	4071
418 UM23	4072
418 UM24	4073
418 UM25	4074
418 UM26 01	4075
419	4076
419 UM01	4077
419 UM02	4078
419 UM03	4079
419 UM04	4080
419 UM06	4081
419 UM07	4082
419 UM08	4083
419 UM09	4084
419 UM10	4085
419 UM11	4086
419 UM12	4087
419 UM13	4088
419 UM14	4089
419 UM15	4090
419 UM16	4091
419 UM17	4092
419 UM18	4093
419 UM19	4094
419 UM20	4095
419 UM21	4096
419 UM22	4097
419 UM23	4098
419 UM24	4099
419 UM25	4100
419 UM26 01	4101
42	4102
42 M002 01	4103
42 M003 01	4104
42 M004 01	4105
42 M005	4106
42 M006 01	4107
42 M007 01	4108
42 M008 01	4109
42 M010 01	4110
420	4111
420 UM01	4112
420 UM02	4113
420 UM03	4114
420 UM04	4115
420 UM06	4116
420 UM07	4117
420 UM08	4118
420 UM09	4119
420 UM10	4120
420 UM11	4121
420 UM12	4122
420 UM13	4123
420 UM14	4124
420 UM15	4125
420 UM16	4126
420 UM17	4127
420 UM18	4128
420 UM19	4129
420 UM20	4130
420 UM21	4131
420 UM22	4132
420 UM23	4133
420 UM24	4134
420 UM25	4135
420 UM26 01	4136
421	4137
421 UM01	4138
421 UM02	4139
421 UM03	4140
421 UM04	4141
421 UM06	4142
421 UM07	4143
421 UM08	4144
421 UM09	4145
421 UM10	4146
421 UM11	4147
421 UM12	4148
421 UM13	4149
421 UM14	4150
421 UM15	4151
421 UM16	4152
421 UM17	4153
421 UM18	4154
421 UM19	4155
421 UM20	4156
421 UM21	4157
421 UM22	4158
421 UM23	4159
421 UM24	4160
421 UM25	4161
421 UM26 01	4162
422	4163
422 UM01	4164
422 UM02	4165
422 UM03	4166
422 UM04	4167
422 UM06	4168
422 UM07	4169
422 UM08	4170
422 UM09	4171
422 UM10	4172
422 UM11	4173
422 UM12	4174
422 UM13	4175
422 UM14	4176
422 UM15	4177
422 UM16	4178
422 UM17	4179
422 UM18	4180
422 UM19	4181
422 UM20	4182
422 UM21	4183
422 UM22	4184
422 UM23	4185
422 UM24	4186
422 UM25	4187
422 UM26 01	4188
423	4189
423 UM01	4190
423 UM02	4191
423 UM03	4192
423 UM04	4193
423 UM06	4194
423 UM07	4195
423 UM08	4196
423 UM09	4197
423 UM10	4198
423 UM11	4199
423 UM12	4200
423 UM13	4201
423 UM14	4202
423 UM15	4203
423 UM16	4204
423 UM17	4205
423 UM18	4206
423 UM19	4207
423 UM20	4208
423 UM21	4209
423 UM22	4210
423 UM23	4211
423 UM24	4212
423 UM25	4213
423 UM26 01	4214
424	4215
424 UM01	4216
424 UM02	4217
424 UM03	4218
424 UM04	4219
424 UM06	4220
424 UM07	4221
424 UM08	4222
424 UM09	4223
424 UM10	4224
424 UM11	4225
424 UM12	4226
424 UM13	4227
424 UM14	4228
424 UM15	4229
424 UM16	4230
424 UM17	4231
424 UM18	4232
424 UM19	4233
424 UM20	4234
424 UM21	4235
424 UM22	4236
424 UM23	4237
424 UM24	4238
424 UM25	4239
424 UM26 01	4240
425	4241
425 UM01	4242
425 UM02	4243
425 UM03	4244
425 UM04	4245
425 UM06	4246
425 UM07	4247
425 UM08	4248
425 UM09	4249
425 UM10	4250
425 UM11	4251
425 UM12	4252
425 UM13	4253
425 UM14	4254
425 UM15	4255
425 UM16	4256
425 UM17	4257
425 UM18	4258
425 UM19	4259
425 UM20	4260
425 UM21	4261
425 UM22	4262
425 UM23	4263
425 UM24	4264
425 UM25	4265
425 UM26 01	4266
426	4267
426 UM01	4268
426 UM02	4269
426 UM03	4270
426 UM04	4271
426 UM06	4272
426 UM07	4273
426 UM08	4274
426 UM09	4275
426 UM10	4276
426 UM11	4277
426 UM12	4278
426 UM13	4279
426 UM14	4280
426 UM15	4281
426 UM16	4282
426 UM17	4283
426 UM18	4284
426 UM19	4285
426 UM20	4286
426 UM21	4287
426 UM22	4288
426 UM23	4289
426 UM24	4290
426 UM25	4291
426 UM26 01	4292
427	4293
427 UM01	4294
427 UM02	4295
427 UM03	4296
427 UM04	4297
427 UM06	4298
427 UM07	4299
427 UM08	4300
427 UM09	4301
427 UM10	4302
427 UM11	4303
427 UM12	4304
427 UM13	4305
427 UM14	4306
427 UM15	4307
427 UM16	4308
427 UM17	4309
427 UM18	4310
427 UM19	4311
427 UM20	4312
427 UM21	4313
427 UM22	4314
427 UM23	4315
427 UM24	4316
427 UM25	4317
427 UM26 01	4318
428	4319
428 UM01	4320
428 UM02	4321
428 UM03	4322
428 UM04	4323
428 UM06	4324
428 UM07	4325
428 UM08	4326
428 UM09	4327
428 UM10	4328
428 UM11	4329
428 UM12	4330
428 UM13	4331
428 UM14	4332
428 UM15	4333
428 UM16	4334
428 UM17	4335
428 UM18	4336
428 UM19	4337
428 UM20	4338
428 UM21	4339
428 UM22	4340
428 UM23	4341
428 UM24	4342
428 UM25	4343
428 UM26 01	4344
429	4345
429 UM01	4346
429 UM02	4347
429 UM03	4348
429 UM04	4349
429 UM06	4350
429 UM07	4351
429 UM08	4352
429 UM09	4353
429 UM10	4354
429 UM11	4355
429 UM12	4356
429 UM13	4357
429 UM14	4358
429 UM15	4359
429 UM16	4360
429 UM17	4361
429 UM18	4362
429 UM19	4363
429 UM20	4364
429 UM21	4365
429 UM22	4366
429 UM23	4367
429 UM24	4368
429 UM25	4369
429 UM26 01	4370
43	4371
43 M002 01	4372
43 M003 01	4373
43 M004 01	4374
43 M005	4375
43 M006 01	4376
43 M007 01	4377
43 M008 01	4378
43 M010 01	4379
430	4380
430 UM01	4381
430 UM02	4382
430 UM03	4383
430 UM04	4384
430 UM06	4385
430 UM07	4386
430 UM08	4387
430 UM09	4388
430 UM10	4389
430 UM11	4390
430 UM12	4391
430 UM13	4392
430 UM14	4393
430 UM15	4394
430 UM16	4395
430 UM17	4396
430 UM18	4397
430 UM19	4398
430 UM20	4399
430 UM21	4400
430 UM22	4401
430 UM23	4402
430 UM24	4403
430 UM25	4404
430 UM26 01	4405
431	4406
431 UM01	4407
431 UM02	4408
431 UM03	4409
431 UM04	4410
431 UM06	4411
431 UM07	4412
431 UM08	4413
431 UM09	4414
431 UM10	4415
431 UM11	4416
431 UM12	4417
431 UM13	4418
431 UM14	4419
431 UM15	4420
431 UM16	4421
431 UM17	4422
431 UM18	4423
431 UM19	4424
431 UM20	4425
431 UM21	4426
431 UM22	4427
431 UM23	4428
431 UM24	4429
431 UM25	4430
431 UM26 01	4431
432	4432
432 UM01	4433
432 UM02	4434
432 UM03	4435
432 UM04	4436
432 UM06	4437
432 UM07	4438
432 UM08	4439
432 UM09	4440
432 UM10	4441
432 UM11	4442
432 UM12	4443
432 UM13	4444
432 UM14	4445
432 UM15	4446
432 UM16	4447
432 UM17	4448
432 UM18	4449
432 UM19	4450
432 UM20	4451
432 UM21	4452
432 UM22	4453
432 UM23	4454
432 UM24	4455
432 UM25	4456
432 UM26 01	4457
433	4458
433 UM01	4459
433 UM02	4460
433 UM03	4461
433 UM04	4462
433 UM06	4463
433 UM07	4464
433 UM08	4465
433 UM09	4466
433 UM10	4467
433 UM11	4468
433 UM12	4469
433 UM13	4470
433 UM14	4471
433 UM15	4472
433 UM16	4473
433 UM17	4474
433 UM18	4475
433 UM19	4476
433 UM20	4477
433 UM21	4478
433 UM22	4479
433 UM23	4480
433 UM24	4481
433 UM25	4482
433 UM26 01	4483
434	4484
434 UM01	4485
434 UM02	4486
434 UM03	4487
434 UM04	4488
434 UM06	4489
434 UM07	4490
434 UM08	4491
434 UM09	4492
434 UM10	4493
434 UM11	4494
434 UM12	4495
434 UM13	4496
434 UM14	4497
434 UM15	4498
434 UM16	4499
434 UM17	4500
434 UM18	4501
434 UM19	4502
434 UM20	4503
434 UM21	4504
434 UM22	4505
434 UM23	4506
434 UM24	4507
434 UM25	4508
434 UM26 01	4509
435	4510
435 UM01	4511
435 UM02	4512
435 UM03	4513
435 UM04	4514
435 UM06	4515
435 UM07	4516
435 UM08	4517
435 UM09	4518
435 UM10	4519
435 UM11	4520
435 UM12	4521
435 UM13	4522
435 UM14	4523
435 UM15	4524
435 UM16	4525
435 UM17	4526
435 UM18	4527
435 UM19	4528
435 UM20	4529
435 UM21	4530
435 UM22	4531
435 UM23	4532
435 UM24	4533
435 UM25	4534
435 UM26 01	4535
436	4536
436 UM01	4537
436 UM02	4538
436 UM03	4539
436 UM04	4540
436 UM06	4541
436 UM07	4542
436 UM08	4543
436 UM09	4544
436 UM10	4545
436 UM11	4546
436 UM12	4547
436 UM13	4548
436 UM14	4549
436 UM15	4550
436 UM16	4551
436 UM17	4552
436 UM18	4553
436 UM19	4554
436 UM20	4555
436 UM21	4556
436 UM22	4557
436 UM23	4558
436 UM24	4559
436 UM25	4560
436 UM26 01	4561
437	4562
437 UM01	4563
437 UM02	4564
437 UM03	4565
437 UM04	4566
437 UM06	4567
437 UM07	4568
437 UM08	4569
437 UM09	4570
437 UM10	4571
437 UM11	4572
437 UM12	4573
437 UM13	4574
437 UM14	4575
437 UM15	4576
437 UM16	4577
437 UM17	4578
437 UM18	4579
437 UM19	4580
437 UM20	4581
437 UM21	4582
437 UM22	4583
437 UM23	4584
437 UM24	4585
437 UM25	4586
437 UM26 01	4587
438	4588
438 UM01	4589
438 UM02	4590
438 UM03	4591
438 UM04	4592
438 UM06	4593
438 UM07	4594
438 UM08	4595
438 UM09	4596
438 UM10	4597
438 UM11	4598
438 UM12	4599
438 UM13	4600
438 UM14	4601
438 UM15	4602
438 UM16	4603
438 UM17	4604
438 UM18	4605
438 UM19	4606
438 UM20	4607
438 UM21	4608
438 UM22	4609
438 UM23	4610
438 UM24	4611
438 UM25	4612
438 UM26 01	4613
439	4614
439 UM01	4615
439 UM02	4616
439 UM03	4617
439 UM04	4618
439 UM06	4619
439 UM07	4620
439 UM08	4621
439 UM09	4622
439 UM10	4623
439 UM11	4624
439 UM12	4625
439 UM13	4626
439 UM14	4627
439 UM15	4628
439 UM16	4629
439 UM17	4630
439 UM18	4631
439 UM19	4632
439 UM20	4633
439 UM21	4634
439 UM22	4635
439 UM23	4636
439 UM24	4637
439 UM25	4638
439 UM26 01	4639
44	4640
44 M002 01	4641
44 M003 01	4642
44 M004 01	4643
44 M005	4644
44 M006 01	4645
44 M007 01	4646
44 M008 01	4647
44 M010 01	4648
440	4649
440 UM01	4650
440 UM02	4651
440 UM03	4652
440 UM04	4653
440 UM06	4654
440 UM07	4655
440 UM08	4656
440 UM09	4657
440 UM10	4658
440 UM11	4659
440 UM12	4660
440 UM13	4661
440 UM14	4662
440 UM15	4663
440 UM16	4664
440 UM17	4665
440 UM18	4666
440 UM19	4667
440 UM20	4668
440 UM21	4669
440 UM22	4670
440 UM23	4671
440 UM24	4672
440 UM25	4673
440 UM26 01	4674
441	4675
441 UM01	4676
441 UM02	4677
441 UM03	4678
441 UM04	4679
441 UM06	4680
441 UM07	4681
441 UM08	4682
441 UM09	4683
441 UM10	4684
441 UM11	4685
441 UM12	4686
441 UM13	4687
441 UM14	4688
441 UM15	4689
441 UM16	4690
441 UM17	4691
441 UM18	4692
441 UM19	4693
441 UM20	4694
441 UM21	4695
441 UM22	4696
441 UM23	4697
441 UM24	4698
441 UM25	4699
441 UM26 01	4700
442	4701
442 UM01	4702
442 UM02	4703
442 UM03	4704
442 UM04	4705
442 UM06	4706
442 UM07	4707
442 UM08	4708
442 UM09	4709
442 UM10	4710
442 UM11	4711
442 UM12	4712
442 UM13	4713
442 UM14	4714
442 UM15	4715
442 UM16	4716
442 UM17	4717
442 UM18	4718
442 UM19	4719
442 UM20	4720
442 UM21	4721
442 UM22	4722
442 UM23	4723
442 UM24	4724
442 UM25	4725
442 UM26 01	4726
443	4727
443 UM01	4728
443 UM02	4729
443 UM03	4730
443 UM04	4731
443 UM06	4732
443 UM07	4733
443 UM08	4734
443 UM09	4735
443 UM10	4736
443 UM11	4737
443 UM12	4738
443 UM13	4739
443 UM14	4740
443 UM15	4741
443 UM16	4742
443 UM17	4743
443 UM18	4744
443 UM19	4745
443 UM20	4746
443 UM21	4747
443 UM22	4748
443 UM23	4749
443 UM24	4750
443 UM25	4751
443 UM26 01	4752
444	4753
444 UM01	4754
444 UM02	4755
444 UM03	4756
444 UM04	4757
444 UM06	4758
444 UM07	4759
444 UM08	4760
444 UM09	4761
444 UM10	4762
444 UM11	4763
444 UM12	4764
444 UM13	4765
444 UM14	4766
444 UM15	4767
444 UM16	4768
444 UM17	4769
444 UM18	4770
444 UM19	4771
444 UM20	4772
444 UM21	4773
444 UM22	4774
444 UM23	4775
444 UM24	4776
444 UM25	4777
444 UM26 01	4778
445	4779
445 UM01	4780
445 UM02	4781
445 UM03	4782
445 UM04	4783
445 UM06	4784
445 UM07	4785
445 UM08	4786
445 UM09	4787
445 UM10	4788
445 UM11	4789
445 UM12	4790
445 UM13	4791
445 UM14	4792
445 UM15	4793
445 UM16	4794
445 UM17	4795
445 UM18	4796
445 UM19	4797
445 UM20	4798
445 UM21	4799
445 UM22	4800
445 UM23	4801
445 UM24	4802
445 UM25	4803
445 UM26 01	4804
446	4805
446 UM01	4806
446 UM02	4807
446 UM03	4808
446 UM04	4809
446 UM06	4810
446 UM07	4811
446 UM08	4812
446 UM09	4813
446 UM10	4814
446 UM11	4815
446 UM12	4816
446 UM13	4817
446 UM14	4818
446 UM15	4819
446 UM16	4820
446 UM17	4821
446 UM18	4822
446 UM19	4823
446 UM20	4824
446 UM21	4825
446 UM22	4826
446 UM23	4827
446 UM24	4828
446 UM25	4829
446 UM26 01	4830
447	4831
447 UM01	4832
447 UM02	4833
447 UM03	4834
447 UM04	4835
447 UM06	4836
447 UM07	4837
447 UM08	4838
447 UM09	4839
447 UM10	4840
447 UM11	4841
447 UM12	4842
447 UM13	4843
447 UM14	4844
447 UM15	4845
447 UM16	4846
447 UM17	4847
447 UM18	4848
447 UM19	4849
447 UM20	4850
447 UM21	4851
447 UM22	4852
447 UM23	4853
447 UM24	4854
447 UM25	4855
447 UM26 01	4856
448	4857
448 UM01	4858
448 UM02	4859
448 UM03	4860
448 UM04	4861
448 UM06	4862
448 UM07	4863
448 UM08	4864
448 UM09	4865
448 UM10	4866
448 UM11	4867
448 UM12	4868
448 UM13	4869
448 UM14	4870
448 UM15	4871
448 UM16	4872
448 UM17	4873
448 UM18	4874
448 UM19	4875
448 UM20	4876
448 UM21	4877
448 UM22	4878
448 UM23	4879
448 UM24	4880
448 UM25	4881
448 UM26 01	4882
449	4883
449 UM01	4884
449 UM02	4885
449 UM03	4886
449 UM04	4887
449 UM06	4888
449 UM07	4889
449 UM08	4890
449 UM09	4891
449 UM10	4892
449 UM11	4893
449 UM12	4894
449 UM13	4895
449 UM14	4896
449 UM15	4897
449 UM16	4898
449 UM17	4899
449 UM18	4900
449 UM19	4901
449 UM20	4902
449 UM21	4903
449 UM22	4904
449 UM23	4905
449 UM24	4906
449 UM25	4907
449 UM26 01	4908
45	4909
45 M002 01	4910
45 M003 01	4911
45 M004 01	4912
45 M005	4913
45 M006 01	4914
45 M007 01	4915
45 M008 01	4916
45 M010 01	4917
450	4918
450 UM01	4919
450 UM02	4920
450 UM03	4921
450 UM04	4922
450 UM06	4923
450 UM07	4924
450 UM08	4925
450 UM09	4926
450 UM10	4927
450 UM11	4928
450 UM12	4929
450 UM13	4930
450 UM14	4931
450 UM15	4932
450 UM16	4933
450 UM17	4934
450 UM18	4935
450 UM19	4936
450 UM20	4937
450 UM21	4938
450 UM22	4939
450 UM23	4940
450 UM24	4941
450 UM25	4942
450 UM26 01	4943
451	4944
451 UM01	4945
451 UM02	4946
451 UM03	4947
451 UM04	4948
451 UM06	4949
451 UM07	4950
451 UM08	4951
451 UM09	4952
451 UM10	4953
451 UM11	4954
451 UM12	4955
451 UM13	4956
451 UM14	4957
451 UM15	4958
451 UM16	4959
451 UM17	4960
451 UM18	4961
451 UM19	4962
451 UM20	4963
451 UM21	4964
451 UM22	4965
451 UM23	4966
451 UM24	4967
451 UM25	4968
451 UM26 01	4969
452	4970
452 UM01	4971
452 UM02	4972
452 UM03	4973
452 UM04	4974
452 UM06	4975
452 UM07	4976
452 UM08	4977
452 UM09	4978
452 UM10	4979
452 UM11	4980
452 UM12	4981
452 UM13	4982
452 UM14	4983
452 UM15	4984
452 UM16	4985
452 UM17	4986
452 UM18	4987
452 UM19	4988
452 UM20	4989
452 UM21	4990
452 UM22	4991
452 UM23	4992
452 UM24	4993
452 UM25	4994
452 UM26 01	4995
453	4996
453 UM01	4997
453 UM02	4998
453 UM03	4999
453 UM04	5000
453 UM06	5001
453 UM07	5002
453 UM08	5003
453 UM09	5004
453 UM10	5005
453 UM11	5006
453 UM12	5007
453 UM13	5008
453 UM14	5009
453 UM15	5010
453 UM16	5011
453 UM17	5012
453 UM18	5013
453 UM19	5014
453 UM20	5015
453 UM21	5016
453 UM22	5017
453 UM23	5018
453 UM24	5019
453 UM25	5020
453 UM26 01	5021
454	5022
454 UM01	5023
454 UM02	5024
454 UM03	5025
454 UM04	5026
454 UM06	5027
454 UM07	5028
454 UM08	5029
454 UM09	5030
454 UM10	5031
454 UM11	5032
454 UM12	5033
454 UM13	5034
454 UM14	5035
454 UM15	5036
454 UM16	5037
454 UM17	5038
454 UM18	5039
454 UM19	5040
454 UM20	5041
454 UM21	5042
454 UM22	5043
454 UM23	5044
454 UM24	5045
454 UM25	5046
454 UM26 01	5047
455	5048
455 UM01	5049
455 UM02	5050
455 UM03	5051
455 UM04	5052
455 UM06	5053
455 UM07	5054
455 UM08	5055
455 UM09	5056
455 UM10	5057
455 UM11	5058
455 UM12	5059
455 UM13	5060
455 UM14	5061
455 UM15	5062
455 UM16	5063
455 UM17	5064
455 UM18	5065
455 UM19	5066
455 UM20	5067
455 UM21	5068
455 UM22	5069
455 UM23	5070
455 UM24	5071
455 UM25	5072
455 UM26 01	5073
456	5074
456 UM01	5075
456 UM02	5076
456 UM03	5077
456 UM04	5078
456 UM06	5079
456 UM07	5080
456 UM08	5081
456 UM09	5082
456 UM10	5083
456 UM11	5084
456 UM12	5085
456 UM13	5086
456 UM14	5087
456 UM15	5088
456 UM16	5089
456 UM17	5090
456 UM18	5091
456 UM19	5092
456 UM20	5093
456 UM21	5094
456 UM22	5095
456 UM23	5096
456 UM24	5097
456 UM25	5098
456 UM26 01	5099
457	5100
457 UM01	5101
457 UM02	5102
457 UM03	5103
457 UM04	5104
457 UM06	5105
457 UM07	5106
457 UM08	5107
457 UM09	5108
457 UM10	5109
457 UM11	5110
457 UM12	5111
457 UM13	5112
457 UM14	5113
457 UM15	5114
457 UM16	5115
457 UM17	5116
457 UM18	5117
457 UM19	5118
457 UM20	5119
457 UM21	5120
457 UM22	5121
457 UM23	5122
457 UM24	5123
457 UM25	5124
457 UM26 01	5125
458	5126
458 UM01	5127
458 UM02	5128
458 UM03	5129
458 UM04	5130
458 UM06	5131
458 UM07	5132
458 UM08	5133
458 UM09	5134
458 UM10	5135
458 UM11	5136
458 UM12	5137
458 UM13	5138
458 UM14	5139
458 UM15	5140
458 UM16	5141
458 UM17	5142
458 UM18	5143
458 UM19	5144
458 UM20	5145
458 UM21	5146
458 UM22	5147
458 UM23	5148
458 UM24	5149
458 UM25	5150
458 UM26 01	5151
459	5152
459 UM01	5153
459 UM02	5154
459 UM03	5155
459 UM04	5156
459 UM06	5157
459 UM07	5158
459 UM08	5159
459 UM09	5160
459 UM10	5161
459 UM11	5162
459 UM12	5163
459 UM13	5164
459 UM14	5165
459 UM15	5166
459 UM16	5167
459 UM17	5168
459 UM18	5169
459 UM19	5170
459 UM20	5171
459 UM21	5172
459 UM22	5173
459 UM23	5174
459 UM24	5175
459 UM25	5176
459 UM26 01	5177
46	5178
46 M002 01	5179
46 M003 01	5180
46 M004 01	5181
46 M005	5182
46 M006 01	5183
46 M007 01	5184
46 M008 01	5185
46 M010 01	5186
460	5187
460 UM01	5188
460 UM02	5189
460 UM03	5190
460 UM04	5191
460 UM06	5192
460 UM07	5193
460 UM08	5194
460 UM09	5195
460 UM10	5196
460 UM11	5197
460 UM12	5198
460 UM13	5199
460 UM14	5200
460 UM15	5201
460 UM16	5202
460 UM17	5203
460 UM18	5204
460 UM19	5205
460 UM20	5206
460 UM21	5207
460 UM22	5208
460 UM23	5209
460 UM24	5210
460 UM25	5211
460 UM26 01	5212
461	5213
461 UM01	5214
461 UM02	5215
461 UM03	5216
461 UM04	5217
461 UM06	5218
461 UM07	5219
461 UM08	5220
461 UM09	5221
461 UM10	5222
461 UM11	5223
461 UM12	5224
461 UM13	5225
461 UM14	5226
461 UM15	5227
461 UM16	5228
461 UM17	5229
461 UM18	5230
461 UM19	5231
461 UM20	5232
461 UM21	5233
461 UM22	5234
461 UM23	5235
461 UM24	5236
461 UM25	5237
461 UM26 01	5238
462	5239
462 UM01	5240
462 UM02	5241
462 UM03	5242
462 UM04	5243
462 UM06	5244
462 UM07	5245
462 UM08	5246
462 UM09	5247
462 UM10	5248
462 UM11	5249
462 UM12	5250
462 UM13	5251
462 UM14	5252
462 UM15	5253
462 UM16	5254
462 UM17	5255
462 UM18	5256
462 UM19	5257
462 UM20	5258
462 UM21	5259
462 UM22	5260
462 UM23	5261
462 UM24	5262
462 UM25	5263
462 UM26 01	5264
463	5265
463 UM01	5266
463 UM02	5267
463 UM03	5268
463 UM04	5269
463 UM06	5270
463 UM07	5271
463 UM08	5272
463 UM09	5273
463 UM10	5274
463 UM11	5275
463 UM12	5276
463 UM13	5277
463 UM14	5278
463 UM15	5279
463 UM16	5280
463 UM17	5281
463 UM18	5282
463 UM19	5283
463 UM20	5284
463 UM21	5285
463 UM22	5286
463 UM23	5287
463 UM24	5288
463 UM25	5289
463 UM26 01	5290
464	5291
464 UM01	5292
464 UM02	5293
464 UM03	5294
464 UM04	5295
464 UM06	5296
464 UM07	5297
464 UM08	5298
464 UM09	5299
464 UM10	5300
464 UM11	5301
464 UM12	5302
464 UM13	5303
464 UM14	5304
464 UM15	5305
464 UM16	5306
464 UM17	5307
464 UM18	5308
464 UM19	5309
464 UM20	5310
464 UM21	5311
464 UM22	5312
464 UM23	5313
464 UM24	5314
464 UM25	5315
464 UM26 01	5316
465	5317
465 UM01	5318
465 UM02	5319
465 UM03	5320
465 UM04	5321
465 UM06	5322
465 UM07	5323
465 UM08	5324
465 UM09	5325
465 UM10	5326
465 UM11	5327
465 UM12	5328
465 UM13	5329
465 UM14	5330
465 UM15	5331
465 UM16	5332
465 UM17	5333
465 UM18	5334
465 UM19	5335
465 UM20	5336
465 UM21	5337
465 UM22	5338
465 UM23	5339
465 UM24	5340
465 UM25	5341
465 UM26 01	5342
466	5343
466 UM01	5344
466 UM02	5345
466 UM03	5346
466 UM04	5347
466 UM06	5348
466 UM07	5349
466 UM08	5350
466 UM09	5351
466 UM10	5352
466 UM11	5353
466 UM12	5354
466 UM13	5355
466 UM14	5356
466 UM15	5357
466 UM16	5358
466 UM17	5359
466 UM18	5360
466 UM19	5361
466 UM20	5362
466 UM21	5363
466 UM22	5364
466 UM23	5365
466 UM24	5366
466 UM25	5367
466 UM26 01	5368
467	5369
467 UM01	5370
467 UM02	5371
467 UM03	5372
467 UM04	5373
467 UM06	5374
467 UM07	5375
467 UM08	5376
467 UM09	5377
467 UM10	5378
467 UM11	5379
467 UM12	5380
467 UM13	5381
467 UM14	5382
467 UM15	5383
467 UM16	5384
467 UM17	5385
467 UM18	5386
467 UM19	5387
467 UM20	5388
467 UM21	5389
467 UM22	5390
467 UM23	5391
467 UM24	5392
467 UM25	5393
467 UM26 01	5394
468	5395
468 UM01	5396
468 UM02	5397
468 UM03	5398
468 UM04	5399
468 UM06	5400
468 UM07	5401
468 UM08	5402
468 UM09	5403
468 UM10	5404
468 UM11	5405
468 UM12	5406
468 UM13	5407
468 UM14	5408
468 UM15	5409
468 UM16	5410
468 UM17	5411
468 UM18	5412
468 UM19	5413
468 UM20	5414
468 UM21	5415
468 UM22	5416
468 UM23	5417
468 UM24	5418
468 UM25	5419
468 UM26 01	5420
469	5421
469 UM01	5422
469 UM02	5423
469 UM03	5424
469 UM04	5425
469 UM06	5426
469 UM07	5427
469 UM08	5428
469 UM09	5429
469 UM10	5430
469 UM11	5431
469 UM12	5432
469 UM13	5433
469 UM14	5434
469 UM15	5435
469 UM16	5436
469 UM17	5437
469 UM18	5438
469 UM19	5439
469 UM20	5440
469 UM21	5441
469 UM22	5442
469 UM23	5443
469 UM24	5444
469 UM25	5445
469 UM26 01	5446
47	5447
47 M002 01	5448
47 M003 01	5449
47 M004 01	5450
47 M005	5451
47 M006 01	5452
47 M007 01	5453
47 M008 01	5454
47 M010 01	5455
470	5456
470 UM01	5457
470 UM02	5458
470 UM03	5459
470 UM04	5460
470 UM06	5461
470 UM07	5462
470 UM08	5463
470 UM09	5464
470 UM10	5465
470 UM11	5466
470 UM12	5467
470 UM13	5468
470 UM14	5469
470 UM15	5470
470 UM16	5471
470 UM17	5472
470 UM18	5473
470 UM19	5474
470 UM20	5475
470 UM21	5476
470 UM22	5477
470 UM23	5478
470 UM24	5479
470 UM25	5480
470 UM26 01	5481
471	5482
471 UM01	5483
471 UM02	5484
471 UM03	5485
471 UM04	5486
471 UM06	5487
471 UM07	5488
471 UM08	5489
471 UM09	5490
471 UM10	5491
471 UM11	5492
471 UM12	5493
471 UM13	5494
471 UM14	5495
471 UM15	5496
471 UM16	5497
471 UM17	5498
471 UM18	5499
471 UM19	5500
471 UM20	5501
471 UM21	5502
471 UM22	5503
471 UM23	5504
471 UM24	5505
471 UM25	5506
471 UM26 01	5507
472	5508
472 UM01	5509
472 UM02	5510
472 UM03	5511
472 UM04	5512
472 UM06	5513
472 UM07	5514
472 UM08	5515
472 UM09	5516
472 UM10	5517
472 UM11	5518
472 UM12	5519
472 UM13	5520
472 UM14	5521
472 UM15	5522
472 UM16	5523
472 UM17	5524
472 UM18	5525
472 UM19	5526
472 UM20	5527
472 UM21	5528
472 UM22	5529
472 UM23	5530
472 UM24	5531
472 UM25	5532
472 UM26 01	5533
473	5534
473 UM01	5535
473 UM02	5536
473 UM03	5537
473 UM04	5538
473 UM06	5539
473 UM07	5540
473 UM08	5541
473 UM09	5542
473 UM10	5543
473 UM11	5544
473 UM12	5545
473 UM13	5546
473 UM14	5547
473 UM15	5548
473 UM16	5549
473 UM17	5550
473 UM18	5551
473 UM19	5552
473 UM20	5553
473 UM21	5554
473 UM22	5555
473 UM23	5556
473 UM24	5557
473 UM25	5558
473 UM26 01	5559
474	5560
474 UM01	5561
474 UM02	5562
474 UM03	5563
474 UM04	5564
474 UM06	5565
474 UM07	5566
474 UM08	5567
474 UM09	5568
474 UM10	5569
474 UM11	5570
474 UM12	5571
474 UM13	5572
474 UM14	5573
474 UM15	5574
474 UM16	5575
474 UM17	5576
474 UM18	5577
474 UM19	5578
474 UM20	5579
474 UM21	5580
474 UM22	5581
474 UM23	5582
474 UM24	5583
474 UM25	5584
474 UM26 01	5585
475	5586
475 UM01	5587
475 UM02	5588
475 UM03	5589
475 UM04	5590
475 UM06	5591
475 UM07	5592
475 UM08	5593
475 UM09	5594
475 UM10	5595
475 UM11	5596
475 UM12	5597
475 UM13	5598
475 UM14	5599
475 UM15	5600
475 UM16	5601
475 UM17	5602
475 UM18	5603
475 UM19	5604
475 UM20	5605
475 UM21	5606
475 UM22	5607
475 UM23	5608
475 UM24	5609
475 UM25	5610
475 UM26 01	5611
476	5612
476 UM01	5613
476 UM02	5614
476 UM03	5615
476 UM04	5616
476 UM06	5617
476 UM07	5618
476 UM08	5619
476 UM09	5620
476 UM10	5621
476 UM11	5622
476 UM12	5623
476 UM13	5624
476 UM14	5625
476 UM15	5626
476 UM16	5627
476 UM17	5628
476 UM18	5629
476 UM19	5630
476 UM20	5631
476 UM21	5632
476 UM22	5633
476 UM23	5634
476 UM24	5635
476 UM25	5636
476 UM26 01	5637
477	5638
477 UM01	5639
477 UM02	5640
477 UM03	5641
477 UM04	5642
477 UM06	5643
477 UM07	5644
477 UM08	5645
477 UM09	5646
477 UM10	5647
477 UM11	5648
477 UM12	5649
477 UM13	5650
477 UM14	5651
477 UM15	5652
477 UM16	5653
477 UM17	5654
477 UM18	5655
477 UM19	5656
477 UM20	5657
477 UM21	5658
477 UM22	5659
477 UM23	5660
477 UM24	5661
477 UM25	5662
477 UM26 01	5663
478	5664
478 UM01	5665
478 UM02	5666
478 UM03	5667
478 UM04	5668
478 UM06	5669
478 UM07	5670
478 UM08	5671
478 UM09	5672
478 UM10	5673
478 UM11	5674
478 UM12	5675
478 UM13	5676
478 UM14	5677
478 UM15	5678
478 UM16	5679
478 UM17	5680
478 UM18	5681
478 UM19	5682
478 UM20	5683
478 UM21	5684
478 UM22	5685
478 UM23	5686
478 UM24	5687
478 UM25	5688
478 UM26 01	5689
479	5690
479 UM01	5691
479 UM02	5692
479 UM03	5693
479 UM04	5694
479 UM06	5695
479 UM07	5696
479 UM08	5697
479 UM09	5698
479 UM10	5699
479 UM11	5700
479 UM12	5701
479 UM13	5702
479 UM14	5703
479 UM15	5704
479 UM16	5705
479 UM17	5706
479 UM18	5707
479 UM19	5708
479 UM20	5709
479 UM21	5710
479 UM22	5711
479 UM23	5712
479 UM24	5713
479 UM25	5714
479 UM26 01	5715
48	5716
48 M002 01	5717
48 M003 01	5718
48 M004 01	5719
48 M005	5720
48 M006 01	5721
48 M007 01	5722
48 M008 01	5723
48 M010 01	5724
480	5725
480 UM01	5726
480 UM02	5727
480 UM03	5728
480 UM04	5729
480 UM06	5730
480 UM07	5731
480 UM08	5732
480 UM09	5733
480 UM10	5734
480 UM11	5735
480 UM12	5736
480 UM13	5737
480 UM14	5738
480 UM15	5739
480 UM16	5740
480 UM17	5741
480 UM18	5742
480 UM19	5743
480 UM20	5744
480 UM21	5745
480 UM22	5746
480 UM23	5747
480 UM24	5748
480 UM25	5749
480 UM26 01	5750
481	5751
481 UM01	5752
481 UM02	5753
481 UM03	5754
481 UM04	5755
481 UM06	5756
481 UM07	5757
481 UM08	5758
481 UM09	5759
481 UM10	5760
481 UM11	5761
481 UM12	5762
481 UM13	5763
481 UM14	5764
481 UM15	5765
481 UM16	5766
481 UM17	5767
481 UM18	5768
481 UM19	5769
481 UM20	5770
481 UM21	5771
481 UM22	5772
481 UM23	5773
481 UM24	5774
481 UM25	5775
481 UM26 01	5776
482	5777
482 UM01	5778
482 UM02	5779
482 UM03	5780
482 UM04	5781
482 UM06	5782
482 UM07	5783
482 UM08	5784
482 UM09	5785
482 UM10	5786
482 UM11	5787
482 UM12	5788
482 UM13	5789
482 UM14	5790
482 UM15	5791
482 UM16	5792
482 UM17	5793
482 UM18	5794
482 UM19	5795
482 UM20	5796
482 UM21	5797
482 UM22	5798
482 UM23	5799
482 UM24	5800
482 UM25	5801
482 UM26 01	5802
483	5803
483 UM01	5804
483 UM02	5805
483 UM03	5806
483 UM04	5807
483 UM06	5808
483 UM07	5809
483 UM08	5810
483 UM09	5811
483 UM10	5812
483 UM11	5813
483 UM12	5814
483 UM13	5815
483 UM14	5816
483 UM15	5817
483 UM16	5818
483 UM17	5819
483 UM18	5820
483 UM19	5821
483 UM20	5822
483 UM21	5823
483 UM22	5824
483 UM23	5825
483 UM24	5826
483 UM25	5827
483 UM26 01	5828
484	5829
484 UM01	5830
484 UM02	5831
484 UM03	5832
484 UM04	5833
484 UM06	5834
484 UM07	5835
484 UM08	5836
484 UM09	5837
484 UM10	5838
484 UM11	5839
484 UM12	5840
484 UM13	5841
484 UM14	5842
484 UM15	5843
484 UM16	5844
484 UM17	5845
484 UM18	5846
484 UM19	5847
484 UM20	5848
484 UM21	5849
484 UM22	5850
484 UM23	5851
484 UM24	5852
484 UM25	5853
484 UM26 01	5854
485	5855
485 UM01	5856
485 UM02	5857
485 UM03	5858
485 UM04	5859
485 UM06	5860
485 UM07	5861
485 UM08	5862
485 UM09	5863
485 UM10	5864
485 UM11	5865
485 UM12	5866
485 UM13	5867
485 UM14	5868
485 UM15	5869
485 UM16	5870
485 UM17	5871
485 UM18	5872
485 UM19	5873
485 UM20	5874
485 UM21	5875
485 UM22	5876
485 UM23	5877
485 UM24	5878
485 UM25	5879
485 UM26 01	5880
486	5881
486 UM01	5882
486 UM02	5883
486 UM03	5884
486 UM04	5885
486 UM06	5886
486 UM07	5887
486 UM08	5888
486 UM09	5889
486 UM10	5890
486 UM11	5891
486 UM12	5892
486 UM13	5893
486 UM14	5894
486 UM15	5895
486 UM16	5896
486 UM17	5897
486 UM18	5898
486 UM19	5899
486 UM20	5900
486 UM21	5901
486 UM22	5902
486 UM23	5903
486 UM24	5904
486 UM25	5905
486 UM26 01	5906
487	5907
487 UM01	5908
487 UM02	5909
487 UM03	5910
487 UM04	5911
487 UM06	5912
487 UM07	5913
487 UM08	5914
487 UM09	5915
487 UM10	5916
487 UM11	5917
487 UM12	5918
487 UM13	5919
487 UM14	5920
487 UM15	5921
487 UM16	5922
487 UM17	5923
487 UM18	5924
487 UM19	5925
487 UM20	5926
487 UM21	5927
487 UM22	5928
487 UM23	5929
487 UM24	5930
487 UM25	5931
487 UM26 01	5932
488	5933
488 UM01	5934
488 UM02	5935
488 UM03	5936
488 UM04	5937
488 UM06	5938
488 UM07	5939
488 UM08	5940
488 UM09	5941
488 UM10	5942
488 UM11	5943
488 UM12	5944
488 UM13	5945
488 UM14	5946
488 UM15	5947
488 UM16	5948
488 UM17	5949
488 UM18	5950
488 UM19	5951
488 UM20	5952
488 UM21	5953
488 UM22	5954
488 UM23	5955
488 UM24	5956
488 UM25	5957
488 UM26 01	5958
489	5959
489 UM01	5960
489 UM02	5961
489 UM03	5962
489 UM04	5963
489 UM06	5964
489 UM07	5965
489 UM08	5966
489 UM09	5967
489 UM10	5968
489 UM11	5969
489 UM12	5970
489 UM13	5971
489 UM14	5972
489 UM15	5973
489 UM16	5974
489 UM17	5975
489 UM18	5976
489 UM19	5977
489 UM20	5978
489 UM21	5979
489 UM22	5980
489 UM23	5981
489 UM24	5982
489 UM25	5983
489 UM26 01	5984
49	5985
49 M002 01	5986
49 M003 01	5987
49 M004 01	5988
49 M005	5989
49 M006 01	5990
49 M007 01	5991
49 M008 01	5992
49 M010 01	5993
490	5994
490 UM01	5995
490 UM02	5996
490 UM03	5997
490 UM04	5998
490 UM06	5999
490 UM07	6000
490 UM08	6001
490 UM09	6002
490 UM10	6003
490 UM11	6004
490 UM12	6005
490 UM13	6006
490 UM14	6007
490 UM15	6008
490 UM16	6009
490 UM17	6010
490 UM18	6011
490 UM19	6012
490 UM20	6013
490 UM21	6014
490 UM22	6015
490 UM23	6016
490 UM24	6017
490 UM25	6018
490 UM26 01	6019
491	6020
491 UM01	6021
491 UM02	6022
491 UM03	6023
491 UM04	6024
491 UM06	6025
491 UM07	6026
491 UM08	6027
491 UM09	6028
491 UM10	6029
491 UM11	6030
491 UM12	6031
491 UM13	6032
491 UM14	6033
491 UM15	6034
491 UM16	6035
491 UM17	6036
491 UM18	6037
491 UM19	6038
491 UM20	6039
491 UM21	6040
491 UM22	6041
491 UM23	6042
491 UM24	6043
491 UM25	6044
491 UM26 01	6045
5	6046
5 M002 01	6047
5 M003 01	6048
5 M004 01	6049
5 M005	6050
5 M006 01	6051
5 M007 01	6052
5 M008 01	6053
5 M010 01	6054
50	6055
50 M002 01	6056
50 M003 01	6057
50 M004 01	6058
50 M005	6059
50 M006 01	6060
50 M007 01	6061
50 M008 01	6062
50 M010 01	6063
51	6064
51 M002 01	6065
51 M003 01	6066
51 M004 01	6067
51 M005	6068
51 M006 01	6069
51 M007 01	6070
51 M008 01	6071
51 M010 01	6072
52	6073
52 M002 01	6074
52 M003 01	6075
52 M004 01	6076
52 M005	6077
52 M006 01	6078
52 M007 01	6079
52 M008 01	6080
52 M010 01	6081
53	6082
53 M002 01	6083
53 M003 01	6084
53 M004 01	6085
53 M005	6086
53 M006 01	6087
53 M007 01	6088
53 M008 01	6089
53 M010 01	6090
54	6091
54 M002 01	6092
54 M003 01	6093
54 M004 01	6094
54 M005	6095
54 M006 01	6096
54 M007 01	6097
54 M008 01	6098
54 M010 01	6099
55	6100
55 M002 01	6101
55 M003 01	6102
55 M004 01	6103
55 M005	6104
55 M006 01	6105
55 M007 01	6106
55 M008 01	6107
55 M010 01	6108
56	6109
56 M002 01	6110
56 M003 01	6111
56 M004 01	6112
56 M005	6113
56 M006 01	6114
56 M007 01	6115
56 M008 01	6116
56 M010 01	6117
57	6118
57 M002 01	6119
57 M003 01	6120
57 M004 01	6121
57 M005	6122
57 M006 01	6123
57 M007 01	6124
57 M008 01	6125
57 M010 01	6126
58	6127
58 M002 01	6128
58 M003 01	6129
58 M004 01	6130
58 M005	6131
58 M006 01	6132
58 M007 01	6133
58 M008 01	6134
58 M010 01	6135
59	6136
59 M002 01	6137
59 M003 01	6138
59 M004 01	6139
59 M005	6140
59 M006 01	6141
59 M007 01	6142
59 M008 01	6143
59 M010 01	6144
6	6145
6 M002 01	6146
6 M003 01	6147
6 M004 01	6148
6 M005	6149
6 M006 01	6150
6 M007 01	6151
6 M008 01	6152
6 M010 01	6153
60	6154
60 M002 01	6155
60 M003 01	6156
60 M004 01	6157
60 M005	6158
60 M006 01	6159
60 M007 01	6160
60 M008 01	6161
60 M010 01	6162
61	6163
61 M002 01	6164
61 M003 01	6165
61 M004 01	6166
61 M005	6167
61 M006 01	6168
61 M007 01	6169
61 M008 01	6170
61 M010 01	6171
62	6172
62 M002 01	6173
62 M003 01	6174
62 M004 01	6175
62 M005	6176
62 M006 01	6177
62 M007 01	6178
62 M008 01	6179
62 M010 01	6180
63	6181
63 M002 01	6182
63 M003 01	6183
63 M004 01	6184
63 M005	6185
63 M006 01	6186
63 M007 01	6187
63 M008 01	6188
63 M010 01	6189
64	6190
64 M002 01	6191
64 M003 01	6192
64 M004 01	6193
64 M005	6194
64 M006 01	6195
64 M007 01	6196
64 M008 01	6197
64 M010 01	6198
65	6199
65 M002 01	6200
65 M003 01	6201
65 M004 01	6202
65 M005	6203
65 M006 01	6204
65 M007 01	6205
65 M008 01	6206
65 M010 01	6207
66	6208
66 M002 01	6209
66 M003 01	6210
66 M004 01	6211
66 M005	6212
66 M006 01	6213
66 M007 01	6214
66 M008 01	6215
66 M010 01	6216
67	6217
67 M002 01	6218
67 M003 01	6219
67 M004 01	6220
67 M005	6221
67 M006 01	6222
67 M007 01	6223
67 M008 01	6224
67 M010 01	6225
68	6226
68 M002 01	6227
68 M003 01	6228
68 M004 01	6229
68 M005	6230
68 M006 01	6231
68 M007 01	6232
68 M008 01	6233
68 M010 01	6234
69	6235
69 M002 01	6236
69 M003 01	6237
69 M004 01	6238
69 M005	6239
69 M006 01	6240
69 M007 01	6241
69 M008 01	6242
69 M010 01	6243
7	6244
7 M002 01	6245
7 M003 01	6246
7 M004 01	6247
7 M005	6248
7 M006 01	6249
7 M007 01	6250
7 M008 01	6251
7 M010 01	6252
70	6253
70 M002 01	6254
70 M003 01	6255
70 M004 01	6256
70 M005	6257
70 M006 01	6258
70 M007 01	6259
70 M008 01	6260
70 M010 01	6261
71	6262
71 M002 01	6263
71 M003 01	6264
71 M004 01	6265
71 M005	6266
71 M006 01	6267
71 M007 01	6268
71 M008 01	6269
71 M010 01	6270
72	6271
72 M002 01	6272
72 M003 01	6273
72 M004 01	6274
72 M005	6275
72 M006 01	6276
72 M007 01	6277
72 M008 01	6278
72 M010 01	6279
73	6280
73 M002 01	6281
73 M003 01	6282
73 M004 01	6283
73 M005	6284
73 M006 01	6285
73 M007 01	6286
73 M008 01	6287
73 M010 01	6288
74	6289
74 M002 01	6290
74 M003 01	6291
74 M004 01	6292
74 M005	6293
74 M006 01	6294
74 M007 01	6295
74 M008 01	6296
74 M010 01	6297
75	6298
75 M002 01	6299
75 M003 01	6300
75 M004 01	6301
75 M005	6302
75 M006 01	6303
75 M007 01	6304
75 M008 01	6305
75 M010 01	6306
76	6307
76 M002 01	6308
76 M003 01	6309
76 M004 01	6310
76 M005	6311
76 M006 01	6312
76 M007 01	6313
76 M008 01	6314
76 M010 01	6315
77	6316
77 M002 01	6317
77 M003 01	6318
77 M004 01	6319
77 M005	6320
77 M006 01	6321
77 M007 01	6322
77 M008 01	6323
77 M010 01	6324
78	6325
78 M002 01	6326
78 M003 01	6327
78 M004 01	6328
78 M005	6329
78 M006 01	6330
78 M007 01	6331
78 M008 01	6332
78 M010 01	6333
79	6334
79 M002 01	6335
79 M003 01	6336
79 M004 01	6337
79 M005	6338
79 M006 01	6339
79 M007 01	6340
79 M008 01	6341
79 M010 01	6342
8	6343
8 M002 01	6344
8 M003 01	6345
8 M004 01	6346
8 M005	6347
8 M006 01	6348
8 M007 01	6349
8 M008 01	6350
8 M010 01	6351
80	6352
80 M002 01	6353
80 M003 01	6354
80 M004 01	6355
80 M005	6356
80 M006 01	6357
80 M007 01	6358
80 M008 01	6359
80 M010 01	6360
81	6361
81 M002 01	6362
81 M003 01	6363
81 M004 01	6364
81 M005	6365
81 M006 01	6366
81 M007 01	6367
81 M008 01	6368
81 M010 01	6369
82	6370
82 M002 01	6371
82 M003 01	6372
82 M004 01	6373
82 M005	6374
82 M006 01	6375
82 M007 01	6376
82 M008 01	6377
82 M010 01	6378
83	6379
83 M002 01	6380
83 M003 01	6381
83 M004 01	6382
83 M005	6383
83 M006 01	6384
83 M007 01	6385
83 M008 01	6386
83 M010 01	6387
84	6388
84 M002 01	6389
84 M003 01	6390
84 M004 01	6391
84 M005	6392
84 M006 01	6393
84 M007 01	6394
84 M008 01	6395
84 M010 01	6396
85	6397
85 M002 01	6398
85 M003 01	6399
85 M004 01	6400
85 M005	6401
85 M006 01	6402
85 M007 01	6403
85 M008 01	6404
85 M010 01	6405
86	6406
86 M002 01	6407
86 M003 01	6408
86 M004 01	6409
86 M005	6410
86 M006 01	6411
86 M007 01	6412
86 M008 01	6413
86 M010 01	6414
87	6415
87 M002 01	6416
87 M003 01	6417
87 M004 01	6418
87 M005	6419
87 M006 01	6420
87 M007 01	6421
87 M008 01	6422
87 M010 01	6423
88	6424
88 M002 01	6425
88 M003 01	6426
88 M004 01	6427
88 M005	6428
88 M006 01	6429
88 M007 01	6430
88 M008 01	6431
88 M010 01	6432
89	6433
89 M002 01	6434
89 M003 01	6435
89 M004 01	6436
89 M005	6437
89 M006 01	6438
89 M007 01	6439
89 M008 01	6440
89 M010 01	6441
9	6442
9 M002 01	6443
9 M003 01	6444
9 M004 01	6445
9 M005	6446
9 M006 01	6447
9 M007 01	6448
9 M008 01	6449
9 M010 01	6450
90	6451
90 M002 01	6452
90 M003 01	6453
90 M004 01	6454
90 M005	6455
90 M006 01	6456
90 M007 01	6457
90 M008 01	6458
90 M010 01	6459
91	6460
91 M002 01	6461
91 M003 01	6462
91 M004 01	6463
91 M005	6464
91 M006 01	6465
91 M007 01	6466
91 M008 01	6467
91 M010 01	6468
92	6469
92 M002 01	6470
92 M003 01	6471
92 M004 01	6472
92 M005	6473
92 M006 01	6474
92 M007 01	6475
92 M008 01	6476
92 M010 01	6477
93	6478
93 M002 01	6479
93 M003 01	6480
93 M004 01	6481
93 M005	6482
93 M006 01	6483
93 M007 01	6484
93 M008 01	6485
93 M010 01	6486
94	6487
94 M002 01	6488
94 M003 01	6489
94 M004 01	6490
94 M005	6491
94 M006 01	6492
94 M007 01	6493
94 M008 01	6494
94 M010 01	6495
95	6496
95 M002 01	6497
95 M003 01	6498
95 M004 01	6499
95 M005	6500
95 M006 01	6501
95 M007 01	6502
95 M008 01	6503
95 M010 01	6504
96	6505
96 M002 01	6506
96 M003 01	6507
96 M004 01	6508
96 M005	6509
96 M006 01	6510
96 M007 01	6511
96 M008 01	6512
96 M010 01	6513
97	6514
97 M002 01	6515
97 M003 01	6516
97 M004 01	6517
97 M005	6518
97 M006 01	6519
97 M007 01	6520
97 M008 01	6521
97 M010 01	6522
98	6523
98 M002 01	6524
98 M003 01	6525
98 M004 01	6526
98 M005	6527
98 M006 01	6528
98 M007 01	6529
98 M008 01	6530
98 M010 01	6531
99	6532
99 M002 01	6533
99 M003 01	6534
99 M004 01	6535
99 M005	6536
99 M006 01	6537
99 M007 01	6538
99 M008 01	6539
99 M010 01	6540
A	6541
Agreement	6542
Answer	6543
Answer Category	6544
AnswerId	6545
Class	6546
DatatypeProperty	6547
Degree	6548
Empty	6549
Format	6550
Frequency	6551
M002 01	6552
M003 01	6553
M004 01	6554
M005	6555
M006 01	6556
M007 01	6557
M008 01	6558
M010 01	6559
ME1	6560
ModuleEvaluation	6561
NEEDS REVIEW	6562
NamedIndividual	6563
NoInfo	6564
Nominal	6565
NullAnswer	6566
ObjectProperty	6567
Ontology	6568
Ordinal	6569
Platform	6570
Platform Description	6571
PlatformId	6572
PlatformTitle	6573
Preference	6574
Property	6575
Quality	6576
Question	6577
Question Category	6578
Question Description	6579
QuestionId	6580
Questionnaire	6581
QuestionnaireId	6582
QuestionnaireOntology	6583
Recommendation	6584
Response	6585
Response by User	6586
ResponseCode	6587
ResponseInQuestionnaire	6588
ResponseLabel	6589
ResponseOnPlatform	6590
SU01 01	6591
SU01 02	6592
SU01 03	6593
SU01 04	6594
SU01 05	6595
SU01 06	6596
SU01 07	6597
SU01 08	6598
SU01 09	6599
SU01 10	6600
SUS	6601
Scale Type	6602
Textual	6603
UM01	6604
UM02	6605
UM03	6606
UM04	6607
UM06	6608
UM07	6609
UM08	6610
UM09	6611
UM10	6612
UM11	6613
UM12	6614
UM13	6615
UM14	6616
UM15	6617
UM16	6618
UM17	6619
UM18	6620
UM19	6621
UM20	6622
UM21	6623
UM22	6624
UM23	6625
UM24	6626
UM25	6627
UM26 01	6628
User	6629
UserId	6630
VisitId	6631
belongsTo	6632
chosen Answer Code	6633
dateTime	6634
decimal	6635
endTime	6636
has Possible Answer	6637
hasAnswer	6638
hasAnswer Category	6639
hasQuestion	6640
hasQuestion Category	6641
is Answer To	6642
nan	6643
negative	6644
neutral	6645
nonNegativeInteger	6646
positive	6647
shortDescription	6648
speed	6649
startTime	6650
string	6651
textual	6652
uMARS	6653
very negative	6654
very positive	6655
