rule_index	rule	grounding
Rule_983	?a type NormativeAssertion => ?a deonticForce PERMISSIVE	glikson-2021-2021-esc-guidelines-on-cardiac-pacing-and-cardiac-resynchro_n0020/na_0013 type NormativeAssertion => glikson-2021-2021-esc-guidelines-on-cardiac-pacing-and-cardiac-resynchro_n0020/na_0013 deonticForce PERMISSIVE
Rule_983	?a type NormativeAssertion => ?a deonticForce PERMISSIVE	heidenreich-2022-aha-acc-hfsa-guidelines_n0039/na_0006 type NormativeAssertion => heidenreich-2022-aha-acc-hfsa-guidelines_n0039/na_0006 deonticForce PERMISSIVE
Rule_983	?a type NormativeAssertion => ?a deonticForce PERMISSIVE	vest-2019-nutrition-obesity-and-cachexia-in-patients-with-heart-failure_n0005/na_9004 type NormativeAssertion => vest-2019-nutrition-obesity-and-cachexia-in-patients-with-heart-failure_n0005/na_9004 deonticForce PERMISSIVE
Rule_983	?a type NormativeAssertion => ?a deonticForce PERMISSIVE	heidenreich-2022-aha-acc-hfsa-guidelines_n0099/na_0005 type NormativeAssertion => heidenreich-2022-aha-acc-hfsa-guidelines_n0099/na_0005 deonticForce PERMISSIVE
Rule_983	?a type NormativeAssertion => ?a deonticForce PERMISSIVE	al-khatib-2017-aha-acc-hrs-guideline-va-and-scd_n0072/na_0002 type NormativeAssertion => al-khatib-2017-aha-acc-hrs-guideline-va-and-scd_n0072/na_0002 deonticForce PERMISSIVE
Rule_983	?a type NormativeAssertion => ?a deonticForce PERMISSIVE	glikson-2021-2021-esc-guidelines-on-cardiac-pacing-and-cardiac-resynchro_n0061/na_0002 type NormativeAssertion => glikson-2021-2021-esc-guidelines-on-cardiac-pacing-and-cardiac-resynchro_n0061/na_0002 deonticForce PERMISSIVE
Rule_983	?a type NormativeAssertion => ?a deonticForce PERMISSIVE	mcdonagh-2023-esc-guidelines_n0035/na_0009 type NormativeAssertion => mcdonagh-2023-esc-guidelines_n0035/na_0009 deonticForce PERMISSIVE
Rule_983	?a type NormativeAssertion => ?a deonticForce PERMISSIVE	al-khatib-2017-aha-acc-hrs-guideline-va-and-scd_n0039/na_0002 type NormativeAssertion => al-khatib-2017-aha-acc-hrs-guideline-va-and-scd_n0039/na_0002 deonticForce PERMISSIVE
Rule_983	?a type NormativeAssertion => ?a deonticForce PERMISSIVE	zeppenfeld-2022-esc-guidelines-va-and-scd_n0069/na_0002 type NormativeAssertion => zeppenfeld-2022-esc-guidelines-va-and-scd_n0069/na_0002 deonticForce PERMISSIVE
Rule_983	?a type NormativeAssertion => ?a deonticForce PERMISSIVE	heidenreich-2022-aha-acc-hfsa-guidelines_n0033/na_0008 type NormativeAssertion => heidenreich-2022-aha-acc-hfsa-guidelines_n0033/na_0008 deonticForce PERMISSIVE
Rule_983	?a type NormativeAssertion => ?a deonticForce PERMISSIVE	al-khatib-2017-aha-acc-hrs-guideline-va-and-scd_n0055/na_0002 type NormativeAssertion => al-khatib-2017-aha-acc-hrs-guideline-va-and-scd_n0055/na_0002 deonticForce PERMISSIVE
Rule_983	?a type NormativeAssertion => ?a deonticForce PERMISSIVE	ambrosetti-2020-secondary-prevention-comprehensive-cardiovascular-rehabi_n0007/na_0022 type NormativeAssertion => ambrosetti-2020-secondary-prevention-comprehensive-cardiovascular-rehabi_n0007/na_0022 deonticForce PERMISSIVE
Rule_983	?a type NormativeAssertion => ?a deonticForce PERMISSIVE	zeppenfeld-2022-esc-guidelines-va-and-scd_n0060/na_0006 type NormativeAssertion => zeppenfeld-2022-esc-guidelines-va-and-scd_n0060/na_0006 deonticForce PERMISSIVE
Rule_983	?a type NormativeAssertion => ?a deonticForce PERMISSIVE	zeppenfeld-2022-esc-guidelines-va-and-scd_n0089/na_0001 type NormativeAssertion => zeppenfeld-2022-esc-guidelines-va-and-scd_n0089/na_0001 deonticForce PERMISSIVE
Rule_983	?a type NormativeAssertion => ?a deonticForce PERMISSIVE	mcdonagh-2023-esc-guidelines_n0089/na_0009 type NormativeAssertion => mcdonagh-2023-esc-guidelines_n0089/na_0009 deonticForce PERMISSIVE
Rule_983	?a type NormativeAssertion => ?a deonticForce PERMISSIVE	su_verified_0074e29f31a1f0feb082e0064bee46f60bf6b5ae3f8703d1231341374ed97e52_table_1/na_0062 type NormativeAssertion => su_verified_0074e29f31a1f0feb082e0064bee46f60bf6b5ae3f8703d1231341374ed97e52_table_1/na_0062 deonticForce PERMISSIVE
Rule_983	?a type NormativeAssertion => ?a deonticForce PERMISSIVE	rest-m3-websiten-zusammengefugt_n0002/na_0001 type NormativeAssertion => rest-m3-websiten-zusammengefugt_n0002/na_0001 deonticForce PERMISSIVE
Rule_983	?a type NormativeAssertion => ?a deonticForce PERMISSIVE	ambrosetti-2020-secondary-prevention-comprehensive-cardiovascular-rehabi_n0001/na_0011 type NormativeAssertion => ambrosetti-2020-secondary-prevention-comprehensive-cardiovascular-rehabi_n0001/na_0011 deonticForce PERMISSIVE
Rule_983	?a type NormativeAssertion => ?a deonticForce PERMISSIVE	visseren-2021-esc-guidelines-cardiovascular-disease-prevention_n0010/na_0040 type NormativeAssertion => visseren-2021-esc-guidelines-cardiovascular-disease-prevention_n0010/na_0040 deonticForce PERMISSIVE
Rule_983	?a type NormativeAssertion => ?a deonticForce PERMISSIVE	zeppenfeld-2022-esc-guidelines-va-and-scd_n0021/na_0020 type NormativeAssertion => zeppenfeld-2022-esc-guidelines-va-and-scd_n0021/na_0020 deonticForce PERMISSIVE
Rule_983	?a type NormativeAssertion => ?a deonticForce PERMISSIVE	glikson-2021-2021-esc-guidelines-on-cardiac-pacing-and-cardiac-resynchro_n0064/na_0301 type NormativeAssertion => glikson-2021-2021-esc-guidelines-on-cardiac-pacing-and-cardiac-resynchro_n0064/na_0301 deonticForce PERMISSIVE
Rule_983	?a type NormativeAssertion => ?a deonticForce PERMISSIVE	page-2016-drugs-that-may-cause-or-exacerbate-heart-failure_n0001/na_0004 type NormativeAssertion => page-2016-drugs-that-may-cause-or-exacerbate-heart-failure_n0001/na_0004 deonticForce PERMISSIVE
Rule_983	?a type NormativeAssertion => ?a deonticForce PERMISSIVE	glikson-2021-2021-esc-guidelines-on-cardiac-pacing-and-cardiac-resynchro_n0020/na_0038 type NormativeAssertion => glikson-2021-2021-esc-guidelines-on-cardiac-pacing-and-cardiac-resynchro_n0020/na_0038 deonticForce PERMISSIVE
Rule_983	?a type NormativeAssertion => ?a deonticForce PERMISSIVE	zeppenfeld-2022-esc-guidelines-va-and-scd_n0072/na_0005 type NormativeAssertion => zeppenfeld-2022-esc-guidelines-va-and-scd_n0072/na_0005 deonticForce PERMISSIVE
Rule_983	?a type NormativeAssertion => ?a deonticForce PERMISSIVE	zeppenfeld-2022-esc-guidelines-va-and-scd_n0060/na_0002 type NormativeAssertion => zeppenfeld-2022-esc-guidelines-va-and-scd_n0060/na_0002 deonticForce PERMISSIVE
Rule_983	?a type NormativeAssertion => ?a deonticForce PERMISSIVE	zeppenfeld-2022-esc-guidelines-va-and-scd_n0020/na_0013 type NormativeAssertion => zeppenfeld-2022-esc-guidelines-va-and-scd_n0020/na_0013 deonticForce PERMISSIVE
Rule_983	?a type NormativeAssertion => ?a deonticForce PERMISSIVE	sectio-1_n0016/na_0006 type NormativeAssertion => sectio-1_n0016/na_0006 deonticForce PERMISSIVE
Rule_983	?a type NormativeAssertion => ?a deonticForce PERMISSIVE	mcdonagh-2023-esc-guidelines_n0048/na_0004 type NormativeAssertion => mcdonagh-2023-esc-guidelines_n0048/na_0004 deonticForce PERMISSIVE
Rule_983	?a type NormativeAssertion => ?a deonticForce PERMISSIVE	visseren-2021-esc-guidelines-cardiovascular-disease-prevention_n0010/na_0046 type NormativeAssertion => visseren-2021-esc-guidelines-cardiovascular-disease-prevention_n0010/na_0046 deonticForce PERMISSIVE
Rule_983	?a type NormativeAssertion => ?a deonticForce PERMISSIVE	al-khatib-2017-aha-acc-hrs-guideline-va-and-scd_n0044/na_0007 type NormativeAssertion => al-khatib-2017-aha-acc-hrs-guideline-va-and-scd_n0044/na_0007 deonticForce PERMISSIVE
Rule_983	?a type NormativeAssertion => ?a deonticForce PERMISSIVE	visseren-2021-esc-guidelines-cardiovascular-disease-prevention_n0010/na_0045 type NormativeAssertion => visseren-2021-esc-guidelines-cardiovascular-disease-prevention_n0010/na_0045 deonticForce PERMISSIVE
Rule_983	?a type NormativeAssertion => ?a deonticForce PERMISSIVE	bhatt-2021-coronavirus-disease-2019-and-heart-failure_n0001/na_0005 type NormativeAssertion => bhatt-2021-coronavirus-disease-2019-and-heart-failure_n0001/na_0005 deonticForce PERMISSIVE
Rule_983	?a type NormativeAssertion => ?a deonticForce PERMISSIVE	al-khatib-2017-aha-acc-hrs-guideline-va-and-scd_n0063/na_0001 type NormativeAssertion => al-khatib-2017-aha-acc-hrs-guideline-va-and-scd_n0063/na_0001 deonticForce PERMISSIVE
Rule_983	?a type NormativeAssertion => ?a deonticForce PERMISSIVE	zeppenfeld-2022-esc-guidelines-va-and-scd_n0054/na_0012 type NormativeAssertion => zeppenfeld-2022-esc-guidelines-va-and-scd_n0054/na_0012 deonticForce PERMISSIVE
Rule_983	?a type NormativeAssertion => ?a deonticForce PERMISSIVE	zeppenfeld-2022-esc-guidelines-va-and-scd_n0063/na_0013 type NormativeAssertion => zeppenfeld-2022-esc-guidelines-va-and-scd_n0063/na_0013 deonticForce PERMISSIVE
Rule_983	?a type NormativeAssertion => ?a deonticForce PERMISSIVE	zeppenfeld-2022-esc-guidelines-va-and-scd_n0022/na_0016 type NormativeAssertion => zeppenfeld-2022-esc-guidelines-va-and-scd_n0022/na_0016 deonticForce PERMISSIVE
Rule_983	?a type NormativeAssertion => ?a deonticForce PERMISSIVE	zeppenfeld-2022-esc-guidelines-va-and-scd_n0019/na_0045 type NormativeAssertion => zeppenfeld-2022-esc-guidelines-va-and-scd_n0019/na_0045 deonticForce PERMISSIVE
Rule_983	?a type NormativeAssertion => ?a deonticForce PERMISSIVE	zeppenfeld-2022-esc-guidelines-va-and-scd_n0036/na_0020 type NormativeAssertion => zeppenfeld-2022-esc-guidelines-va-and-scd_n0036/na_0020 deonticForce PERMISSIVE
Rule_983	?a type NormativeAssertion => ?a deonticForce PERMISSIVE	zeppenfeld-2022-esc-guidelines-va-and-scd_n0019/na_0060 type NormativeAssertion => zeppenfeld-2022-esc-guidelines-va-and-scd_n0019/na_0060 deonticForce PERMISSIVE
Rule_983	?a type NormativeAssertion => ?a deonticForce PERMISSIVE	zeppenfeld-2022-esc-guidelines-va-and-scd_n0080/na_0004 type NormativeAssertion => zeppenfeld-2022-esc-guidelines-va-and-scd_n0080/na_0004 deonticForce PERMISSIVE
Rule_983	?a type NormativeAssertion => ?a deonticForce PERMISSIVE	execut-1_n0044/na_0017 type NormativeAssertion => execut-1_n0044/na_0017 deonticForce PERMISSIVE
Rule_983	?a type NormativeAssertion => ?a deonticForce PERMISSIVE	sectio-1_n0016/na_0015 type NormativeAssertion => sectio-1_n0016/na_0015 deonticForce PERMISSIVE
Rule_983	?a type NormativeAssertion => ?a deonticForce PERMISSIVE	mcdonagh-2023-esc-guidelines_n0084/na_0019 type NormativeAssertion => mcdonagh-2023-esc-guidelines_n0084/na_0019 deonticForce PERMISSIVE
Rule_983	?a type NormativeAssertion => ?a deonticForce PERMISSIVE	mcdonagh-2023-esc-guidelines_n0055/na_0021 type NormativeAssertion => mcdonagh-2023-esc-guidelines_n0055/na_0021 deonticForce PERMISSIVE
Rule_983	?a type NormativeAssertion => ?a deonticForce PERMISSIVE	glikson-2021-2021-esc-guidelines-on-cardiac-pacing-and-cardiac-resynchro_n0020/na_0082 type NormativeAssertion => glikson-2021-2021-esc-guidelines-on-cardiac-pacing-and-cardiac-resynchro_n0020/na_0082 deonticForce PERMISSIVE
Rule_983	?a type NormativeAssertion => ?a deonticForce PERMISSIVE	zeppenfeld-2022-esc-guidelines-va-and-scd_n0085/na_0005 type NormativeAssertion => zeppenfeld-2022-esc-guidelines-va-and-scd_n0085/na_0005 deonticForce PERMISSIVE
Rule_983	?a type NormativeAssertion => ?a deonticForce PERMISSIVE	sectio-1_n0016/na_0022 type NormativeAssertion => sectio-1_n0016/na_0022 deonticForce PERMISSIVE
Rule_983	?a type NormativeAssertion => ?a deonticForce PERMISSIVE	glikson-2021-2021-esc-guidelines-on-cardiac-pacing-and-cardiac-resynchro_n0020/na_0084 type NormativeAssertion => glikson-2021-2021-esc-guidelines-on-cardiac-pacing-and-cardiac-resynchro_n0020/na_0084 deonticForce PERMISSIVE
Rule_983	?a type NormativeAssertion => ?a deonticForce PERMISSIVE	sectio-1_n0016/na_0033 type NormativeAssertion => sectio-1_n0016/na_0033 deonticForce PERMISSIVE
Rule_983	?a type NormativeAssertion => ?a deonticForce PERMISSIVE	al-khatib-2017-aha-acc-hrs-guideline-va-and-scd_n0061/na_0002 type NormativeAssertion => al-khatib-2017-aha-acc-hrs-guideline-va-and-scd_n0061/na_0002 deonticForce PERMISSIVE
Rule_983	?a type NormativeAssertion => ?a deonticForce PERMISSIVE	van-diepen-2017-contemporary-management-of-cardiogenic-shock_n0008/na_9000 type NormativeAssertion => van-diepen-2017-contemporary-management-of-cardiogenic-shock_n0008/na_9000 deonticForce PERMISSIVE
Rule_983	?a type NormativeAssertion => ?a deonticForce PERMISSIVE	execut-1_n0029/na_0013 type NormativeAssertion => execut-1_n0029/na_0013 deonticForce PERMISSIVE
Rule_983	?a type NormativeAssertion => ?a deonticForce PERMISSIVE	al-khatib-2017-aha-acc-hrs-guideline-va-and-scd_n0064/na_0001 type NormativeAssertion => al-khatib-2017-aha-acc-hrs-guideline-va-and-scd_n0064/na_0001 deonticForce PERMISSIVE
Rule_983	?a type NormativeAssertion => ?a deonticForce PERMISSIVE	visseren-2021-esc-guidelines-cardiovascular-disease-prevention_n0053/na_0002 type NormativeAssertion => visseren-2021-esc-guidelines-cardiovascular-disease-prevention_n0053/na_0002 deonticForce PERMISSIVE
Rule_983	?a type NormativeAssertion => ?a deonticForce PERMISSIVE	glikson-2021-2021-esc-guidelines-on-cardiac-pacing-and-cardiac-resynchro_n0064/na_0302 type NormativeAssertion => glikson-2021-2021-esc-guidelines-on-cardiac-pacing-and-cardiac-resynchro_n0064/na_0302 deonticForce PERMISSIVE
Rule_983	?a type NormativeAssertion => ?a deonticForce PERMISSIVE	zeppenfeld-2022-esc-guidelines-va-and-scd_n0021/na_0011 type NormativeAssertion => zeppenfeld-2022-esc-guidelines-va-and-scd_n0021/na_0011 deonticForce PERMISSIVE
Rule_983	?a type NormativeAssertion => ?a deonticForce PERMISSIVE	mullens-2019-the-use-of-diuretics-in-heart-failure-with-congestion_n0004/na_0002 type NormativeAssertion => mullens-2019-the-use-of-diuretics-in-heart-failure-with-congestion_n0004/na_0002 deonticForce PERMISSIVE
Rule_983	?a type NormativeAssertion => ?a deonticForce PERMISSIVE	su_verified_0074e29f31a1f0feb082e0064bee46f60bf6b5ae3f8703d1231341374ed97e52_table_1/na_0032 type NormativeAssertion => su_verified_0074e29f31a1f0feb082e0064bee46f60bf6b5ae3f8703d1231341374ed97e52_table_1/na_0032 deonticForce PERMISSIVE
Rule_983	?a type NormativeAssertion => ?a deonticForce PERMISSIVE	heidenreich-2022-aha-acc-hfsa-guidelines_n0039/na_0020 type NormativeAssertion => heidenreich-2022-aha-acc-hfsa-guidelines_n0039/na_0020 deonticForce PERMISSIVE
Rule_983	?a type NormativeAssertion => ?a deonticForce PERMISSIVE	mcdonagh-2023-esc-guidelines_n0084/na_0023 type NormativeAssertion => mcdonagh-2023-esc-guidelines_n0084/na_0023 deonticForce PERMISSIVE
Rule_983	?a type NormativeAssertion => ?a deonticForce PERMISSIVE	zeppenfeld-2022-esc-guidelines-va-and-scd_n0036/na_0007 type NormativeAssertion => zeppenfeld-2022-esc-guidelines-va-and-scd_n0036/na_0007 deonticForce PERMISSIVE
Rule_983	?a type NormativeAssertion => ?a deonticForce PERMISSIVE	mcdonagh-2023-esc-guidelines_n0075/na_0002 type NormativeAssertion => mcdonagh-2023-esc-guidelines_n0075/na_0002 deonticForce PERMISSIVE
Rule_983	?a type NormativeAssertion => ?a deonticForce PERMISSIVE	heidenreich-2022-aha-acc-hfsa-guidelines_n0065/na_0005 type NormativeAssertion => heidenreich-2022-aha-acc-hfsa-guidelines_n0065/na_0005 deonticForce PERMISSIVE
Rule_983	?a type NormativeAssertion => ?a deonticForce PERMISSIVE	sectio-1_n0016/na_0010 type NormativeAssertion => sectio-1_n0016/na_0010 deonticForce PERMISSIVE
Rule_983	?a type NormativeAssertion => ?a deonticForce PERMISSIVE	glikson-2021-2021-esc-guidelines-on-cardiac-pacing-and-cardiac-resynchro_n0020/na_0058 type NormativeAssertion => glikson-2021-2021-esc-guidelines-on-cardiac-pacing-and-cardiac-resynchro_n0020/na_0058 deonticForce PERMISSIVE
Rule_983	?a type NormativeAssertion => ?a deonticForce PERMISSIVE	mcdonagh-2023-esc-guidelines_n0057/na_0002 type NormativeAssertion => mcdonagh-2023-esc-guidelines_n0057/na_0002 deonticForce PERMISSIVE
Rule_983	?a type NormativeAssertion => ?a deonticForce PERMISSIVE	mcdonagh-2023-esc-guidelines_n0063/na_0006 type NormativeAssertion => mcdonagh-2023-esc-guidelines_n0063/na_0006 deonticForce PERMISSIVE
Rule_983	?a type NormativeAssertion => ?a deonticForce PERMISSIVE	visseren-2021-esc-guidelines-cardiovascular-disease-prevention_n0076/na_0009 type NormativeAssertion => visseren-2021-esc-guidelines-cardiovascular-disease-prevention_n0076/na_0009 deonticForce PERMISSIVE
Rule_983	?a type NormativeAssertion => ?a deonticForce PERMISSIVE	al-khatib-2017-aha-acc-hrs-guideline-va-and-scd_n0074/na_0005 type NormativeAssertion => al-khatib-2017-aha-acc-hrs-guideline-va-and-scd_n0074/na_0005 deonticForce PERMISSIVE
Rule_983	?a type NormativeAssertion => ?a deonticForce PERMISSIVE	zeppenfeld-2022-esc-guidelines-va-and-scd_n0017/na_0010 type NormativeAssertion => zeppenfeld-2022-esc-guidelines-va-and-scd_n0017/na_0010 deonticForce PERMISSIVE
Rule_983	?a type NormativeAssertion => ?a deonticForce PERMISSIVE	zeppenfeld-2022-esc-guidelines-va-and-scd_n0083/na_0001 type NormativeAssertion => zeppenfeld-2022-esc-guidelines-va-and-scd_n0083/na_0001 deonticForce PERMISSIVE
Rule_983	?a type NormativeAssertion => ?a deonticForce PERMISSIVE	execut-1_n0032/na_0002 type NormativeAssertion => execut-1_n0032/na_0002 deonticForce PERMISSIVE
Rule_983	?a type NormativeAssertion => ?a deonticForce PERMISSIVE	page-2016-drugs-that-may-cause-or-exacerbate-heart-failure_n0001/na_0020 type NormativeAssertion => page-2016-drugs-that-may-cause-or-exacerbate-heart-failure_n0001/na_0020 deonticForce PERMISSIVE
Rule_983	?a type NormativeAssertion => ?a deonticForce PERMISSIVE	heidenreich-2022-aha-acc-hfsa-guidelines_n0088/na_0004 type NormativeAssertion => heidenreich-2022-aha-acc-hfsa-guidelines_n0088/na_0004 deonticForce PERMISSIVE
Rule_983	?a type NormativeAssertion => ?a deonticForce PERMISSIVE	sectio-1_n0030/na_0003 type NormativeAssertion => sectio-1_n0030/na_0003 deonticForce PERMISSIVE
Rule_983	?a type NormativeAssertion => ?a deonticForce PERMISSIVE	zeppenfeld-2022-esc-guidelines-va-and-scd_n0019/na_0024 type NormativeAssertion => zeppenfeld-2022-esc-guidelines-va-and-scd_n0019/na_0024 deonticForce PERMISSIVE
Rule_983	?a type NormativeAssertion => ?a deonticForce PERMISSIVE	van-diepen-2017-contemporary-management-of-cardiogenic-shock_n0006/na_0006 type NormativeAssertion => van-diepen-2017-contemporary-management-of-cardiogenic-shock_n0006/na_0006 deonticForce PERMISSIVE
Rule_983	?a type NormativeAssertion => ?a deonticForce PERMISSIVE	zeppenfeld-2022-esc-guidelines-va-and-scd_n0019/na_0025 type NormativeAssertion => zeppenfeld-2022-esc-guidelines-va-and-scd_n0019/na_0025 deonticForce PERMISSIVE
Rule_983	?a type NormativeAssertion => ?a deonticForce PERMISSIVE	cardiosmart-modul1-zusammengefugt_n0008/na_0001 type NormativeAssertion => cardiosmart-modul1-zusammengefugt_n0008/na_0001 deonticForce PERMISSIVE
Rule_983	?a type NormativeAssertion => ?a deonticForce PERMISSIVE	glikson-2021-2021-esc-guidelines-on-cardiac-pacing-and-cardiac-resynchro_n0020/na_0066 type NormativeAssertion => glikson-2021-2021-esc-guidelines-on-cardiac-pacing-and-cardiac-resynchro_n0020/na_0066 deonticForce PERMISSIVE
Rule_983	?a type NormativeAssertion => ?a deonticForce PERMISSIVE	page-2016-drugs-that-may-cause-or-exacerbate-heart-failure_n0001/na_0002 type NormativeAssertion => page-2016-drugs-that-may-cause-or-exacerbate-heart-failure_n0001/na_0002 deonticForce PERMISSIVE
Rule_983	?a type NormativeAssertion => ?a deonticForce PERMISSIVE	al-khatib-2017-aha-acc-hrs-guideline-va-and-scd_n0072/na_0001 type NormativeAssertion => al-khatib-2017-aha-acc-hrs-guideline-va-and-scd_n0072/na_0001 deonticForce PERMISSIVE
Rule_983	?a type NormativeAssertion => ?a deonticForce PERMISSIVE	heidenreich-2022-aha-acc-hfsa-guidelines_n0017/na_0006 type NormativeAssertion => heidenreich-2022-aha-acc-hfsa-guidelines_n0017/na_0006 deonticForce PERMISSIVE
Rule_983	?a type NormativeAssertion => ?a deonticForce PERMISSIVE	heidenreich-2022-aha-acc-hfsa-guidelines_n0039/na_0001 type NormativeAssertion => heidenreich-2022-aha-acc-hfsa-guidelines_n0039/na_0001 deonticForce PERMISSIVE
Rule_983	?a type NormativeAssertion => ?a deonticForce PERMISSIVE	braunschweig-2010-management-of-patients-receiving-implantable-cardiac-d_n0007/na_0005 type NormativeAssertion => braunschweig-2010-management-of-patients-receiving-implantable-cardiac-d_n0007/na_0005 deonticForce PERMISSIVE
Rule_983	?a type NormativeAssertion => ?a deonticForce PERMISSIVE	al-khatib-2017-aha-acc-hrs-guideline-va-and-scd_n0044/na_0006 type NormativeAssertion => al-khatib-2017-aha-acc-hrs-guideline-va-and-scd_n0044/na_0006 deonticForce PERMISSIVE
Rule_983	?a type NormativeAssertion => ?a deonticForce PERMISSIVE	sectio-1_n0016/na_0026 type NormativeAssertion => sectio-1_n0016/na_0026 deonticForce PERMISSIVE
Rule_983	?a type NormativeAssertion => ?a deonticForce PERMISSIVE	heidenreich-2022-aha-acc-hfsa-guidelines_n0030/na_0004 type NormativeAssertion => heidenreich-2022-aha-acc-hfsa-guidelines_n0030/na_0004 deonticForce PERMISSIVE
Rule_983	?a type NormativeAssertion => ?a deonticForce PERMISSIVE	zeppenfeld-2022-esc-guidelines-va-and-scd_n0063/na_0012 type NormativeAssertion => zeppenfeld-2022-esc-guidelines-va-and-scd_n0063/na_0012 deonticForce PERMISSIVE
Rule_983	?a type NormativeAssertion => ?a deonticForce PERMISSIVE	mcdonagh-2023-esc-guidelines_n0086/na_0003 type NormativeAssertion => mcdonagh-2023-esc-guidelines_n0086/na_0003 deonticForce PERMISSIVE
Rule_983	?a type NormativeAssertion => ?a deonticForce PERMISSIVE	heidenreich-2022-aha-acc-hfsa-guidelines_n0044/na_0002 type NormativeAssertion => heidenreich-2022-aha-acc-hfsa-guidelines_n0044/na_0002 deonticForce PERMISSIVE
Rule_983	?a type NormativeAssertion => ?a deonticForce PERMISSIVE	glikson-2021-2021-esc-guidelines-on-cardiac-pacing-and-cardiac-resynchro_n0020/na_0069 type NormativeAssertion => glikson-2021-2021-esc-guidelines-on-cardiac-pacing-and-cardiac-resynchro_n0020/na_0069 deonticForce PERMISSIVE
Rule_983	?a type NormativeAssertion => ?a deonticForce PERMISSIVE	execut-1_n0044/na_0023 type NormativeAssertion => execut-1_n0044/na_0023 deonticForce PERMISSIVE
Rule_983	?a type NormativeAssertion => ?a deonticForce PERMISSIVE	sectio-1_n0010/na_0014 type NormativeAssertion => sectio-1_n0010/na_0014 deonticForce PERMISSIVE
Rule_983	?a type NormativeAssertion => ?a deonticForce PERMISSIVE	execut-1_n0041/na_0001 type NormativeAssertion => execut-1_n0041/na_0001 deonticForce PERMISSIVE
Rule_983	?a type NormativeAssertion => ?a deonticForce PERMISSIVE	glikson-2021-2021-esc-guidelines-on-cardiac-pacing-and-cardiac-resynchro_n0049/na_0002 type NormativeAssertion => glikson-2021-2021-esc-guidelines-on-cardiac-pacing-and-cardiac-resynchro_n0049/na_0002 deonticForce PERMISSIVE
Rule_983	?a type NormativeAssertion => ?a deonticForce PERMISSIVE	execut-1_n0029/na_0011 type NormativeAssertion => execut-1_n0029/na_0011 deonticForce PERMISSIVE
Rule_983	?a type NormativeAssertion => ?a deonticForce PERMISSIVE	visseren-2021-esc-guidelines-cardiovascular-disease-prevention_n0026/na_0002 type NormativeAssertion => visseren-2021-esc-guidelines-cardiovascular-disease-prevention_n0026/na_0002 deonticForce PERMISSIVE
Rule_983	?a type NormativeAssertion => ?a deonticForce PERMISSIVE	al-khatib-2017-aha-acc-hrs-guideline-va-and-scd_n0064/na_0002 type NormativeAssertion => al-khatib-2017-aha-acc-hrs-guideline-va-and-scd_n0064/na_0002 deonticForce PERMISSIVE
Rule_983	?a type NormativeAssertion => ?a deonticForce PERMISSIVE	mullens-2019-the-use-of-diuretics-in-heart-failure-with-congestion_n0005/na_0002 type NormativeAssertion => mullens-2019-the-use-of-diuretics-in-heart-failure-with-congestion_n0005/na_0002 deonticForce PERMISSIVE
Rule_983	?a type NormativeAssertion => ?a deonticForce PERMISSIVE	al-khatib-2017-aha-acc-hrs-guideline-va-and-scd_n0041/na_0001 type NormativeAssertion => al-khatib-2017-aha-acc-hrs-guideline-va-and-scd_n0041/na_0001 deonticForce PERMISSIVE
Rule_983	?a type NormativeAssertion => ?a deonticForce PERMISSIVE	ambrosetti-2020-secondary-prevention-comprehensive-cardiovascular-rehabi_n0010/na_0002 type NormativeAssertion => ambrosetti-2020-secondary-prevention-comprehensive-cardiovascular-rehabi_n0010/na_0002 deonticForce PERMISSIVE
Rule_983	?a type NormativeAssertion => ?a deonticForce PERMISSIVE	pelliccia-2020-2020-esc-guidelines-on-sports-cardiology-and-exercise-in_n0025/na_0004 type NormativeAssertion => pelliccia-2020-2020-esc-guidelines-on-sports-cardiology-and-exercise-in_n0025/na_0004 deonticForce PERMISSIVE
Rule_983	?a type NormativeAssertion => ?a deonticForce PERMISSIVE	zeppenfeld-2022-esc-guidelines-va-and-scd_n0074/na_0006 type NormativeAssertion => zeppenfeld-2022-esc-guidelines-va-and-scd_n0074/na_0006 deonticForce PERMISSIVE
Rule_983	?a type NormativeAssertion => ?a deonticForce PERMISSIVE	vest-2019-nutrition-obesity-and-cachexia-in-patients-with-heart-failure_n0005/na_9001 type NormativeAssertion => vest-2019-nutrition-obesity-and-cachexia-in-patients-with-heart-failure_n0005/na_9001 deonticForce PERMISSIVE
Rule_983	?a type NormativeAssertion => ?a deonticForce PERMISSIVE	zeppenfeld-2022-esc-guidelines-va-and-scd_n0075/na_0003 type NormativeAssertion => zeppenfeld-2022-esc-guidelines-va-and-scd_n0075/na_0003 deonticForce PERMISSIVE
Rule_983	?a type NormativeAssertion => ?a deonticForce PERMISSIVE	mcdonagh-2023-esc-guidelines_n0063/na_0007 type NormativeAssertion => mcdonagh-2023-esc-guidelines_n0063/na_0007 deonticForce PERMISSIVE
Rule_983	?a type NormativeAssertion => ?a deonticForce PERMISSIVE	zeppenfeld-2022-esc-guidelines-va-and-scd_n0019/na_0002 type NormativeAssertion => zeppenfeld-2022-esc-guidelines-va-and-scd_n0019/na_0002 deonticForce PERMISSIVE
Rule_983	?a type NormativeAssertion => ?a deonticForce PERMISSIVE	mcdonagh-2023-esc-guidelines_n0081/na_0003 type NormativeAssertion => mcdonagh-2023-esc-guidelines_n0081/na_0003 deonticForce PERMISSIVE
Rule_983	?a type NormativeAssertion => ?a deonticForce PERMISSIVE	morris-2021-guidance-for-timely-and-appropriate-referral-of-patients-wit_n0002/na_0005 type NormativeAssertion => morris-2021-guidance-for-timely-and-appropriate-referral-of-patients-wit_n0002/na_0005 deonticForce PERMISSIVE
Rule_983	?a type NormativeAssertion => ?a deonticForce PERMISSIVE	lenarczyk-2024-management-of-patients-with-an-electrical-storm-or-cluste_n0008/na_0006 type NormativeAssertion => lenarczyk-2024-management-of-patients-with-an-electrical-storm-or-cluste_n0008/na_0006 deonticForce PERMISSIVE
Rule_983	?a type NormativeAssertion => ?a deonticForce PERMISSIVE	mcdonagh-2023-esc-guidelines_n0020/na_0004 type NormativeAssertion => mcdonagh-2023-esc-guidelines_n0020/na_0004 deonticForce PERMISSIVE
Rule_983	?a type NormativeAssertion => ?a deonticForce PERMISSIVE	mcdonagh-2023-esc-guidelines_n0020/na_0005 type NormativeAssertion => mcdonagh-2023-esc-guidelines_n0020/na_0005 deonticForce PERMISSIVE
Rule_983	?a type NormativeAssertion => ?a deonticForce PERMISSIVE	sectio-1_n0023/na_0006 type NormativeAssertion => sectio-1_n0023/na_0006 deonticForce PERMISSIVE
Rule_983	?a type NormativeAssertion => ?a deonticForce PERMISSIVE	zeppenfeld-2022-esc-guidelines-va-and-scd_n0069/na_0003 type NormativeAssertion => zeppenfeld-2022-esc-guidelines-va-and-scd_n0069/na_0003 deonticForce PERMISSIVE
Rule_983	?a type NormativeAssertion => ?a deonticForce PERMISSIVE	al-khatib-2017-aha-acc-hrs-guideline-va-and-scd_n0074/na_0002 type NormativeAssertion => al-khatib-2017-aha-acc-hrs-guideline-va-and-scd_n0074/na_0002 deonticForce PERMISSIVE
Rule_983	?a type NormativeAssertion => ?a deonticForce PERMISSIVE	mcdonagh-2023-esc-guidelines_n0071/na_0004 type NormativeAssertion => mcdonagh-2023-esc-guidelines_n0071/na_0004 deonticForce PERMISSIVE
Rule_983	?a type NormativeAssertion => ?a deonticForce PERMISSIVE	visseren-2021-esc-guidelines-cardiovascular-disease-prevention_n0032/na_0003 type NormativeAssertion => visseren-2021-esc-guidelines-cardiovascular-disease-prevention_n0032/na_0003 deonticForce PERMISSIVE
Rule_983	?a type NormativeAssertion => ?a deonticForce PERMISSIVE	regitz-zagrosek-2018-2018-esc-guideline-for-the-management-of-cardiovasc_n0027/na_0003 type NormativeAssertion => regitz-zagrosek-2018-2018-esc-guideline-for-the-management-of-cardiovasc_n0027/na_0003 deonticForce PERMISSIVE
Rule_983	?a type NormativeAssertion => ?a deonticForce PERMISSIVE	zeppenfeld-2022-esc-guidelines-va-and-scd_n0060/na_0003 type NormativeAssertion => zeppenfeld-2022-esc-guidelines-va-and-scd_n0060/na_0003 deonticForce PERMISSIVE
Rule_983	?a type NormativeAssertion => ?a deonticForce PERMISSIVE	mcdonagh-2023-esc-guidelines_n0071/na_0001 type NormativeAssertion => mcdonagh-2023-esc-guidelines_n0071/na_0001 deonticForce PERMISSIVE
Rule_983	?a type NormativeAssertion => ?a deonticForce PERMISSIVE	mcdonagh-2023-esc-guidelines_n0081/na_0002 type NormativeAssertion => mcdonagh-2023-esc-guidelines_n0081/na_0002 deonticForce PERMISSIVE
Rule_983	?a type NormativeAssertion => ?a deonticForce PERMISSIVE	page-2016-drugs-that-may-cause-or-exacerbate-heart-failure_n0001/na_0008 type NormativeAssertion => page-2016-drugs-that-may-cause-or-exacerbate-heart-failure_n0001/na_0008 deonticForce PERMISSIVE
Rule_983	?a type NormativeAssertion => ?a deonticForce PERMISSIVE	al-khatib-2017-aha-acc-hrs-guideline-va-and-scd_n0031/na_0008 type NormativeAssertion => al-khatib-2017-aha-acc-hrs-guideline-va-and-scd_n0031/na_0008 deonticForce PERMISSIVE
Rule_983	?a type NormativeAssertion => ?a deonticForce PERMISSIVE	glikson-2021-2021-esc-guidelines-on-cardiac-pacing-and-cardiac-resynchro_n0020/na_0035 type NormativeAssertion => glikson-2021-2021-esc-guidelines-on-cardiac-pacing-and-cardiac-resynchro_n0020/na_0035 deonticForce PERMISSIVE
Rule_983	?a type NormativeAssertion => ?a deonticForce PERMISSIVE	pedretti-2021-comprehensive-multicomponent-cardiac-rehabilitation-in-car_n0004/na_0009 type NormativeAssertion => pedretti-2021-comprehensive-multicomponent-cardiac-rehabilitation-in-car_n0004/na_0009 deonticForce PERMISSIVE
Rule_983	?a type NormativeAssertion => ?a deonticForce PERMISSIVE	execut-1_n0036/na_0011 type NormativeAssertion => execut-1_n0036/na_0011 deonticForce PERMISSIVE
Rule_983	?a type NormativeAssertion => ?a deonticForce PERMISSIVE	ambrosetti-2020-secondary-prevention-comprehensive-cardiovascular-rehabi_n0001/na_0039 type NormativeAssertion => ambrosetti-2020-secondary-prevention-comprehensive-cardiovascular-rehabi_n0001/na_0039 deonticForce PERMISSIVE
Rule_983	?a type NormativeAssertion => ?a deonticForce PERMISSIVE	vest-2019-nutrition-obesity-and-cachexia-in-patients-with-heart-failure_n0001/na_0007 type NormativeAssertion => vest-2019-nutrition-obesity-and-cachexia-in-patients-with-heart-failure_n0001/na_0007 deonticForce PERMISSIVE
Rule_983	?a type NormativeAssertion => ?a deonticForce PERMISSIVE	mcdonagh-2023-esc-guidelines_n0086/na_0002 type NormativeAssertion => mcdonagh-2023-esc-guidelines_n0086/na_0002 deonticForce PERMISSIVE
Rule_983	?a type NormativeAssertion => ?a deonticForce PERMISSIVE	glikson-2021-2021-esc-guidelines-on-cardiac-pacing-and-cardiac-resynchro_n0046/na_0006 type NormativeAssertion => glikson-2021-2021-esc-guidelines-on-cardiac-pacing-and-cardiac-resynchro_n0046/na_0006 deonticForce PERMISSIVE
Rule_983	?a type NormativeAssertion => ?a deonticForce PERMISSIVE	execut-1_n0044/na_0010 type NormativeAssertion => execut-1_n0044/na_0010 deonticForce PERMISSIVE
Rule_983	?a type NormativeAssertion => ?a deonticForce PERMISSIVE	visseren-2021-esc-guidelines-cardiovascular-disease-prevention_n0011/na_0004 type NormativeAssertion => visseren-2021-esc-guidelines-cardiovascular-disease-prevention_n0011/na_0004 deonticForce PERMISSIVE
Rule_983	?a type NormativeAssertion => ?a deonticForce PERMISSIVE	vest-2019-nutrition-obesity-and-cachexia-in-patients-with-heart-failure_n0005/na_9002 type NormativeAssertion => vest-2019-nutrition-obesity-and-cachexia-in-patients-with-heart-failure_n0005/na_9002 deonticForce PERMISSIVE
Rule_983	?a type NormativeAssertion => ?a deonticForce PERMISSIVE	glikson-2021-2021-esc-guidelines-on-cardiac-pacing-and-cardiac-resynchro_n0020/na_0006 type NormativeAssertion => glikson-2021-2021-esc-guidelines-on-cardiac-pacing-and-cardiac-resynchro_n0020/na_0006 deonticForce PERMISSIVE
Rule_983	?a type NormativeAssertion => ?a deonticForce PERMISSIVE	mcdonagh-2023-esc-guidelines_n0045/na_0005 type NormativeAssertion => mcdonagh-2023-esc-guidelines_n0045/na_0005 deonticForce PERMISSIVE
Rule_983	?a type NormativeAssertion => ?a deonticForce PERMISSIVE	pedretti-2021-comprehensive-multicomponent-cardiac-rehabilitation-in-car_n0004/na_0012 type NormativeAssertion => pedretti-2021-comprehensive-multicomponent-cardiac-rehabilitation-in-car_n0004/na_0012 deonticForce PERMISSIVE
Rule_983	?a type NormativeAssertion => ?a deonticForce PERMISSIVE	glikson-2021-2021-esc-guidelines-on-cardiac-pacing-and-cardiac-resynchro_n0020/na_0025 type NormativeAssertion => glikson-2021-2021-esc-guidelines-on-cardiac-pacing-and-cardiac-resynchro_n0020/na_0025 deonticForce PERMISSIVE
Rule_983	?a type NormativeAssertion => ?a deonticForce PERMISSIVE	zeppenfeld-2022-esc-guidelines-va-and-scd_n0079/na_0004 type NormativeAssertion => zeppenfeld-2022-esc-guidelines-va-and-scd_n0079/na_0004 deonticForce PERMISSIVE
Rule_983	?a type NormativeAssertion => ?a deonticForce PERMISSIVE	visseren-2021-esc-guidelines-cardiovascular-disease-prevention_n0010/na_0057 type NormativeAssertion => visseren-2021-esc-guidelines-cardiovascular-disease-prevention_n0010/na_0057 deonticForce PERMISSIVE
Rule_983	?a type NormativeAssertion => ?a deonticForce PERMISSIVE	mcdonagh-2023-esc-guidelines_n0022/na_0014 type NormativeAssertion => mcdonagh-2023-esc-guidelines_n0022/na_0014 deonticForce PERMISSIVE
Rule_983	?a type NormativeAssertion => ?a deonticForce PERMISSIVE	zeppenfeld-2022-esc-guidelines-va-and-scd_n0062/na_0005 type NormativeAssertion => zeppenfeld-2022-esc-guidelines-va-and-scd_n0062/na_0005 deonticForce PERMISSIVE
Rule_983	?a type NormativeAssertion => ?a deonticForce PERMISSIVE	glikson-2021-2021-esc-guidelines-on-cardiac-pacing-and-cardiac-resynchro_n0020/na_0028 type NormativeAssertion => glikson-2021-2021-esc-guidelines-on-cardiac-pacing-and-cardiac-resynchro_n0020/na_0028 deonticForce PERMISSIVE
Rule_983	?a type NormativeAssertion => ?a deonticForce PERMISSIVE	al-khatib-2017-aha-acc-hrs-guideline-va-and-scd_n0065/na_0001 type NormativeAssertion => al-khatib-2017-aha-acc-hrs-guideline-va-and-scd_n0065/na_0001 deonticForce PERMISSIVE
Rule_983	?a type NormativeAssertion => ?a deonticForce PERMISSIVE	fox-2021-positionspaper-schlafmedizin-in-der-kardiologie_n0015/na_0001 type NormativeAssertion => fox-2021-positionspaper-schlafmedizin-in-der-kardiologie_n0015/na_0001 deonticForce PERMISSIVE
Rule_983	?a type NormativeAssertion => ?a deonticForce PERMISSIVE	visseren-2021-esc-guidelines-cardiovascular-disease-prevention_n0010/na_0039 type NormativeAssertion => visseren-2021-esc-guidelines-cardiovascular-disease-prevention_n0010/na_0039 deonticForce PERMISSIVE
Rule_983	?a type NormativeAssertion => ?a deonticForce PERMISSIVE	glikson-2021-2021-esc-guidelines-on-cardiac-pacing-and-cardiac-resynchro_n0020/na_0067 type NormativeAssertion => glikson-2021-2021-esc-guidelines-on-cardiac-pacing-and-cardiac-resynchro_n0020/na_0067 deonticForce PERMISSIVE
Rule_983	?a type NormativeAssertion => ?a deonticForce PERMISSIVE	mcdonagh-2023-esc-guidelines_n0066/na_0012 type NormativeAssertion => mcdonagh-2023-esc-guidelines_n0066/na_0012 deonticForce PERMISSIVE
Rule_983	?a type NormativeAssertion => ?a deonticForce PERMISSIVE	zeppenfeld-2022-esc-guidelines-va-and-scd_n0034/na_0012 type NormativeAssertion => zeppenfeld-2022-esc-guidelines-va-and-scd_n0034/na_0012 deonticForce PERMISSIVE
Rule_983	?a type NormativeAssertion => ?a deonticForce PERMISSIVE	glikson-2021-2021-esc-guidelines-on-cardiac-pacing-and-cardiac-resynchro_n0063/na_0005 type NormativeAssertion => glikson-2021-2021-esc-guidelines-on-cardiac-pacing-and-cardiac-resynchro_n0063/na_0005 deonticForce PERMISSIVE
Rule_983	?a type NormativeAssertion => ?a deonticForce PERMISSIVE	zeppenfeld-2022-esc-guidelines-va-and-scd_n0081/na_0001 type NormativeAssertion => zeppenfeld-2022-esc-guidelines-va-and-scd_n0081/na_0001 deonticForce PERMISSIVE
Rule_983	?a type NormativeAssertion => ?a deonticForce PERMISSIVE	tsutsui-2023-natriuretic-peptides-role-in-the-diagnosis-and-management-o_n0001/na_0004 type NormativeAssertion => tsutsui-2023-natriuretic-peptides-role-in-the-diagnosis-and-management-o_n0001/na_0004 deonticForce PERMISSIVE
Rule_983	?a type NormativeAssertion => ?a deonticForce PERMISSIVE	zeppenfeld-2022-esc-guidelines-va-and-scd_n0018/na_0031 type NormativeAssertion => zeppenfeld-2022-esc-guidelines-va-and-scd_n0018/na_0031 deonticForce PERMISSIVE
Rule_983	?a type NormativeAssertion => ?a deonticForce PERMISSIVE	heidenreich-2022-aha-acc-hfsa-guidelines_n0039/na_0015 type NormativeAssertion => heidenreich-2022-aha-acc-hfsa-guidelines_n0039/na_0015 deonticForce PERMISSIVE
Rule_983	?a type NormativeAssertion => ?a deonticForce PERMISSIVE	execut-1_n0035/na_0004 type NormativeAssertion => execut-1_n0035/na_0004 deonticForce PERMISSIVE
Rule_983	?a type NormativeAssertion => ?a deonticForce PERMISSIVE	page-2016-drugs-that-may-cause-or-exacerbate-heart-failure_n0001/na_0009 type NormativeAssertion => page-2016-drugs-that-may-cause-or-exacerbate-heart-failure_n0001/na_0009 deonticForce PERMISSIVE
Rule_983	?a type NormativeAssertion => ?a deonticForce PERMISSIVE	regitz-zagrosek-2018-2018-esc-guideline-for-the-management-of-cardiovasc_n0016/na_0015 type NormativeAssertion => regitz-zagrosek-2018-2018-esc-guideline-for-the-management-of-cardiovasc_n0016/na_0015 deonticForce PERMISSIVE
Rule_983	?a type NormativeAssertion => ?a deonticForce PERMISSIVE	mcdonagh-2023-esc-guidelines_n0084/na_0010 type NormativeAssertion => mcdonagh-2023-esc-guidelines_n0084/na_0010 deonticForce PERMISSIVE
Rule_983	?a type NormativeAssertion => ?a deonticForce PERMISSIVE	sectio-1_n0016/na_0024 type NormativeAssertion => sectio-1_n0016/na_0024 deonticForce PERMISSIVE
Rule_983	?a type NormativeAssertion => ?a deonticForce PERMISSIVE	glikson-2021-2021-esc-guidelines-on-cardiac-pacing-and-cardiac-resynchro_n0023/na_0001 type NormativeAssertion => glikson-2021-2021-esc-guidelines-on-cardiac-pacing-and-cardiac-resynchro_n0023/na_0001 deonticForce PERMISSIVE
Rule_983	?a type NormativeAssertion => ?a deonticForce PERMISSIVE	zeppenfeld-2022-esc-guidelines-va-and-scd_n0063/na_0007 type NormativeAssertion => zeppenfeld-2022-esc-guidelines-va-and-scd_n0063/na_0007 deonticForce PERMISSIVE
Rule_983	?a type NormativeAssertion => ?a deonticForce PERMISSIVE	al-khatib-2017-aha-acc-hrs-guideline-va-and-scd_n0068/na_0001 type NormativeAssertion => al-khatib-2017-aha-acc-hrs-guideline-va-and-scd_n0068/na_0001 deonticForce PERMISSIVE
Rule_983	?a type NormativeAssertion => ?a deonticForce PERMISSIVE	execut-1_n0047/na_0013 type NormativeAssertion => execut-1_n0047/na_0013 deonticForce PERMISSIVE
Rule_983	?a type NormativeAssertion => ?a deonticForce PERMISSIVE	sectio-1_n0023/na_0002 type NormativeAssertion => sectio-1_n0023/na_0002 deonticForce PERMISSIVE
Rule_983	?a type NormativeAssertion => ?a deonticForce PERMISSIVE	zeppenfeld-2022-esc-guidelines-va-and-scd_n0053/na_0003 type NormativeAssertion => zeppenfeld-2022-esc-guidelines-va-and-scd_n0053/na_0003 deonticForce PERMISSIVE
Rule_983	?a type NormativeAssertion => ?a deonticForce PERMISSIVE	al-khatib-2017-aha-acc-hrs-guideline-va-and-scd_n0074/na_0003 type NormativeAssertion => al-khatib-2017-aha-acc-hrs-guideline-va-and-scd_n0074/na_0003 deonticForce PERMISSIVE
Rule_983	?a type NormativeAssertion => ?a deonticForce PERMISSIVE	pelliccia-2020-2020-esc-guidelines-on-sports-cardiology-and-exercise-in_n0041/na_0003 type NormativeAssertion => pelliccia-2020-2020-esc-guidelines-on-sports-cardiology-and-exercise-in_n0041/na_0003 deonticForce PERMISSIVE
Rule_983	?a type NormativeAssertion => ?a deonticForce PERMISSIVE	page-2016-drugs-that-may-cause-or-exacerbate-heart-failure_n0001/na_0006 type NormativeAssertion => page-2016-drugs-that-may-cause-or-exacerbate-heart-failure_n0001/na_0006 deonticForce PERMISSIVE
Rule_983	?a type NormativeAssertion => ?a deonticForce PERMISSIVE	braunschweig-2010-management-of-patients-receiving-implantable-cardiac-d_n0007/na_0014 type NormativeAssertion => braunschweig-2010-management-of-patients-receiving-implantable-cardiac-d_n0007/na_0014 deonticForce PERMISSIVE
Rule_983	?a type NormativeAssertion => ?a deonticForce PERMISSIVE	glikson-2021-2021-esc-guidelines-on-cardiac-pacing-and-cardiac-resynchro_n0023/na_0006 type NormativeAssertion => glikson-2021-2021-esc-guidelines-on-cardiac-pacing-and-cardiac-resynchro_n0023/na_0006 deonticForce PERMISSIVE
Rule_983	?a type NormativeAssertion => ?a deonticForce PERMISSIVE	zeppenfeld-2022-esc-guidelines-va-and-scd_n0084/na_0004 type NormativeAssertion => zeppenfeld-2022-esc-guidelines-va-and-scd_n0084/na_0004 deonticForce PERMISSIVE
Rule_983	?a type NormativeAssertion => ?a deonticForce PERMISSIVE	ambrosetti-2020-secondary-prevention-comprehensive-cardiovascular-rehabi_n0007/na_0008 type NormativeAssertion => ambrosetti-2020-secondary-prevention-comprehensive-cardiovascular-rehabi_n0007/na_0008 deonticForce PERMISSIVE
Rule_983	?a type NormativeAssertion => ?a deonticForce PERMISSIVE	heidenreich-2022-aha-acc-hfsa-guidelines_n0061/na_0001 type NormativeAssertion => heidenreich-2022-aha-acc-hfsa-guidelines_n0061/na_0001 deonticForce PERMISSIVE
Rule_983	?a type NormativeAssertion => ?a deonticForce PERMISSIVE	heidenreich-2022-aha-acc-hfsa-guidelines_n0039/na_0025 type NormativeAssertion => heidenreich-2022-aha-acc-hfsa-guidelines_n0039/na_0025 deonticForce PERMISSIVE
Rule_983	?a type NormativeAssertion => ?a deonticForce PERMISSIVE	al-khatib-2017-aha-acc-hrs-guideline-va-and-scd_n0050/na_0004 type NormativeAssertion => al-khatib-2017-aha-acc-hrs-guideline-va-and-scd_n0050/na_0004 deonticForce PERMISSIVE
Rule_983	?a type NormativeAssertion => ?a deonticForce PERMISSIVE	glikson-2021-2021-esc-guidelines-on-cardiac-pacing-and-cardiac-resynchro_n0072/na_0008 type NormativeAssertion => glikson-2021-2021-esc-guidelines-on-cardiac-pacing-and-cardiac-resynchro_n0072/na_0008 deonticForce PERMISSIVE
Rule_983	?a type NormativeAssertion => ?a deonticForce PERMISSIVE	glikson-2021-2021-esc-guidelines-on-cardiac-pacing-and-cardiac-resynchro_n0020/na_0071 type NormativeAssertion => glikson-2021-2021-esc-guidelines-on-cardiac-pacing-and-cardiac-resynchro_n0020/na_0071 deonticForce PERMISSIVE
Rule_983	?a type NormativeAssertion => ?a deonticForce PERMISSIVE	zeppenfeld-2022-esc-guidelines-va-and-scd_n0058/na_0001 type NormativeAssertion => zeppenfeld-2022-esc-guidelines-va-and-scd_n0058/na_0001 deonticForce PERMISSIVE
Rule_983	?a type NormativeAssertion => ?a deonticForce PERMISSIVE	pelliccia-2020-2020-esc-guidelines-on-sports-cardiology-and-exercise-in_n0044/na_0004 type NormativeAssertion => pelliccia-2020-2020-esc-guidelines-on-sports-cardiology-and-exercise-in_n0044/na_0004 deonticForce PERMISSIVE
Rule_983	?a type NormativeAssertion => ?a deonticForce PERMISSIVE	zeppenfeld-2022-esc-guidelines-va-and-scd_n0019/na_0026 type NormativeAssertion => zeppenfeld-2022-esc-guidelines-va-and-scd_n0019/na_0026 deonticForce PERMISSIVE
Rule_983	?a type NormativeAssertion => ?a deonticForce PERMISSIVE	sectio-1_n0016/na_0018 type NormativeAssertion => sectio-1_n0016/na_0018 deonticForce PERMISSIVE
Rule_983	?a type NormativeAssertion => ?a deonticForce PERMISSIVE	al-khatib-2017-aha-acc-hrs-guideline-va-and-scd_n0031/na_0006 type NormativeAssertion => al-khatib-2017-aha-acc-hrs-guideline-va-and-scd_n0031/na_0006 deonticForce PERMISSIVE
Rule_983	?a type NormativeAssertion => ?a deonticForce PERMISSIVE	al-khatib-2017-aha-acc-hrs-guideline-va-and-scd_n0044/na_0009 type NormativeAssertion => al-khatib-2017-aha-acc-hrs-guideline-va-and-scd_n0044/na_0009 deonticForce PERMISSIVE
Rule_983	?a type NormativeAssertion => ?a deonticForce PERMISSIVE	glikson-2021-2021-esc-guidelines-on-cardiac-pacing-and-cardiac-resynchro_n0020/na_0064 type NormativeAssertion => glikson-2021-2021-esc-guidelines-on-cardiac-pacing-and-cardiac-resynchro_n0020/na_0064 deonticForce PERMISSIVE
Rule_983	?a type NormativeAssertion => ?a deonticForce PERMISSIVE	zeppenfeld-2022-esc-guidelines-va-and-scd_n0078/na_0002 type NormativeAssertion => zeppenfeld-2022-esc-guidelines-va-and-scd_n0078/na_0002 deonticForce PERMISSIVE
Rule_983	?a type NormativeAssertion => ?a deonticForce PERMISSIVE	zeppenfeld-2022-esc-guidelines-va-and-scd_n0019/na_0016 type NormativeAssertion => zeppenfeld-2022-esc-guidelines-va-and-scd_n0019/na_0016 deonticForce PERMISSIVE
Rule_983	?a type NormativeAssertion => ?a deonticForce PERMISSIVE	van-diepen-2017-contemporary-management-of-cardiogenic-shock_n0004/na_0007 type NormativeAssertion => van-diepen-2017-contemporary-management-of-cardiogenic-shock_n0004/na_0007 deonticForce PERMISSIVE
Rule_983	?a type NormativeAssertion => ?a deonticForce PERMISSIVE	al-khatib-2017-aha-acc-hrs-guideline-va-and-scd_n0066/na_0003 type NormativeAssertion => al-khatib-2017-aha-acc-hrs-guideline-va-and-scd_n0066/na_0003 deonticForce PERMISSIVE
Rule_983	?a type NormativeAssertion => ?a deonticForce PERMISSIVE	glikson-2021-2021-esc-guidelines-on-cardiac-pacing-and-cardiac-resynchro_n0046/na_0008 type NormativeAssertion => glikson-2021-2021-esc-guidelines-on-cardiac-pacing-and-cardiac-resynchro_n0046/na_0008 deonticForce PERMISSIVE
Rule_983	?a type NormativeAssertion => ?a deonticForce PERMISSIVE	zeppenfeld-2022-esc-guidelines-va-and-scd_n0042/na_0003 type NormativeAssertion => zeppenfeld-2022-esc-guidelines-va-and-scd_n0042/na_0003 deonticForce PERMISSIVE
Rule_983	?a type NormativeAssertion => ?a deonticForce PERMISSIVE	mcdonagh-2023-esc-guidelines_n0020/na_0007 type NormativeAssertion => mcdonagh-2023-esc-guidelines_n0020/na_0007 deonticForce PERMISSIVE
Rule_983	?a type NormativeAssertion => ?a deonticForce PERMISSIVE	pedretti-2021-comprehensive-multicomponent-cardiac-rehabilitation-in-car_n0004/na_0001 type NormativeAssertion => pedretti-2021-comprehensive-multicomponent-cardiac-rehabilitation-in-car_n0004/na_0001 deonticForce PERMISSIVE
Rule_983	?a type NormativeAssertion => ?a deonticForce PERMISSIVE	su_verified_6ed52cdf724db04223b4d1c2e62f3c35f6b42bc19bc5e3198277d681d47e1eb9_table_7/na_0066 type NormativeAssertion => su_verified_6ed52cdf724db04223b4d1c2e62f3c35f6b42bc19bc5e3198277d681d47e1eb9_table_7/na_0066 deonticForce PERMISSIVE
Rule_983	?a type NormativeAssertion => ?a deonticForce PERMISSIVE	ambrosetti-2020-secondary-prevention-comprehensive-cardiovascular-rehabi_n0016/na_0005 type NormativeAssertion => ambrosetti-2020-secondary-prevention-comprehensive-cardiovascular-rehabi_n0016/na_0005 deonticForce PERMISSIVE
Rule_983	?a type NormativeAssertion => ?a deonticForce PERMISSIVE	sectio-1_n0016/na_0030 type NormativeAssertion => sectio-1_n0016/na_0030 deonticForce PERMISSIVE
Rule_983	?a type NormativeAssertion => ?a deonticForce PERMISSIVE	heidenreich-2022-aha-acc-hfsa-guidelines_n0091/na_0002 type NormativeAssertion => heidenreich-2022-aha-acc-hfsa-guidelines_n0091/na_0002 deonticForce PERMISSIVE
Rule_983	?a type NormativeAssertion => ?a deonticForce PERMISSIVE	glikson-2021-2021-esc-guidelines-on-cardiac-pacing-and-cardiac-resynchro_n0086/na_0013 type NormativeAssertion => glikson-2021-2021-esc-guidelines-on-cardiac-pacing-and-cardiac-resynchro_n0086/na_0013 deonticForce PERMISSIVE
Rule_983	?a type NormativeAssertion => ?a deonticForce PERMISSIVE	aha-patient-discharge-packet_n0004/na_0009 type NormativeAssertion => aha-patient-discharge-packet_n0004/na_0009 deonticForce PERMISSIVE
Rule_983	?a type NormativeAssertion => ?a deonticForce PERMISSIVE	mcdonagh-2023-esc-guidelines_n0031/na_0008 type NormativeAssertion => mcdonagh-2023-esc-guidelines_n0031/na_0008 deonticForce PERMISSIVE
Rule_983	?a type NormativeAssertion => ?a deonticForce PERMISSIVE	visseren-2021-esc-guidelines-cardiovascular-disease-prevention_n0029/na_0003 type NormativeAssertion => visseren-2021-esc-guidelines-cardiovascular-disease-prevention_n0029/na_0003 deonticForce PERMISSIVE
Rule_983	?a type NormativeAssertion => ?a deonticForce PERMISSIVE	sectio-1_n0030/na_0008 type NormativeAssertion => sectio-1_n0030/na_0008 deonticForce PERMISSIVE
Rule_983	?a type NormativeAssertion => ?a deonticForce PERMISSIVE	braunschweig-2010-management-of-patients-receiving-implantable-cardiac-d_n0007/na_0019 type NormativeAssertion => braunschweig-2010-management-of-patients-receiving-implantable-cardiac-d_n0007/na_0019 deonticForce PERMISSIVE
Rule_983	?a type NormativeAssertion => ?a deonticForce PERMISSIVE	su_verified_0074e29f31a1f0feb082e0064bee46f60bf6b5ae3f8703d1231341374ed97e52_table_1/na_0034 type NormativeAssertion => su_verified_0074e29f31a1f0feb082e0064bee46f60bf6b5ae3f8703d1231341374ed97e52_table_1/na_0034 deonticForce PERMISSIVE
Rule_983	?a type NormativeAssertion => ?a deonticForce PERMISSIVE	mcdonagh-2023-esc-guidelines_n0023/na_0010 type NormativeAssertion => mcdonagh-2023-esc-guidelines_n0023/na_0010 deonticForce PERMISSIVE
Rule_983	?a type NormativeAssertion => ?a deonticForce PERMISSIVE	pelliccia-2020-2020-esc-guidelines-on-sports-cardiology-and-exercise-in_n0042/na_0001 type NormativeAssertion => pelliccia-2020-2020-esc-guidelines-on-sports-cardiology-and-exercise-in_n0042/na_0001 deonticForce PERMISSIVE
Rule_983	?a type NormativeAssertion => ?a deonticForce PERMISSIVE	sectio-1_n0016/na_0029 type NormativeAssertion => sectio-1_n0016/na_0029 deonticForce PERMISSIVE
Rule_983	?a type NormativeAssertion => ?a deonticForce PERMISSIVE	al-khatib-2017-aha-acc-hrs-guideline-va-and-scd_n0043/na_0003 type NormativeAssertion => al-khatib-2017-aha-acc-hrs-guideline-va-and-scd_n0043/na_0003 deonticForce PERMISSIVE
Rule_983	?a type NormativeAssertion => ?a deonticForce PERMISSIVE	ambrosetti-2020-secondary-prevention-comprehensive-cardiovascular-rehabi_n0001/na_0009 type NormativeAssertion => ambrosetti-2020-secondary-prevention-comprehensive-cardiovascular-rehabi_n0001/na_0009 deonticForce PERMISSIVE
Rule_983	?a type NormativeAssertion => ?a deonticForce PERMISSIVE	mcdonagh-2023-esc-guidelines_n0076/na_0004 type NormativeAssertion => mcdonagh-2023-esc-guidelines_n0076/na_0004 deonticForce PERMISSIVE
Rule_983	?a type NormativeAssertion => ?a deonticForce PERMISSIVE	bhatt-2021-coronavirus-disease-2019-and-heart-failure_n0001/na_0007 type NormativeAssertion => bhatt-2021-coronavirus-disease-2019-and-heart-failure_n0001/na_0007 deonticForce PERMISSIVE
Rule_983	?a type NormativeAssertion => ?a deonticForce PERMISSIVE	glikson-2021-2021-esc-guidelines-on-cardiac-pacing-and-cardiac-resynchro_n0057/na_0004 type NormativeAssertion => glikson-2021-2021-esc-guidelines-on-cardiac-pacing-and-cardiac-resynchro_n0057/na_0004 deonticForce PERMISSIVE
Rule_983	?a type NormativeAssertion => ?a deonticForce PERMISSIVE	cardiosmart-modul1-zusammengefugt_n0008/na_0003 type NormativeAssertion => cardiosmart-modul1-zusammengefugt_n0008/na_0003 deonticForce PERMISSIVE
Rule_983	?a type NormativeAssertion => ?a deonticForce PERMISSIVE	zeppenfeld-2022-esc-guidelines-va-and-scd_n0079/na_0002 type NormativeAssertion => zeppenfeld-2022-esc-guidelines-va-and-scd_n0079/na_0002 deonticForce PERMISSIVE
Rule_983	?a type NormativeAssertion => ?a deonticForce PERMISSIVE	glikson-2021-2021-esc-guidelines-on-cardiac-pacing-and-cardiac-resynchro_n0020/na_0022 type NormativeAssertion => glikson-2021-2021-esc-guidelines-on-cardiac-pacing-and-cardiac-resynchro_n0020/na_0022 deonticForce PERMISSIVE
Rule_983	?a type NormativeAssertion => ?a deonticForce PERMISSIVE	mcdonagh-2023-esc-guidelines_n0020/na_0006 type NormativeAssertion => mcdonagh-2023-esc-guidelines_n0020/na_0006 deonticForce PERMISSIVE
Rule_983	?a type NormativeAssertion => ?a deonticForce PERMISSIVE	ambrosetti-2020-secondary-prevention-comprehensive-cardiovascular-rehabi_n0016/na_0020 type NormativeAssertion => ambrosetti-2020-secondary-prevention-comprehensive-cardiovascular-rehabi_n0016/na_0020 deonticForce PERMISSIVE
Rule_983	?a type NormativeAssertion => ?a deonticForce PERMISSIVE	execut-1_n0041/na_0003 type NormativeAssertion => execut-1_n0041/na_0003 deonticForce PERMISSIVE
Rule_983	?a type NormativeAssertion => ?a deonticForce PERMISSIVE	heidenreich-2022-aha-acc-hfsa-guidelines_n0039/na_0002 type NormativeAssertion => heidenreich-2022-aha-acc-hfsa-guidelines_n0039/na_0002 deonticForce PERMISSIVE
Rule_983	?a type NormativeAssertion => ?a deonticForce PERMISSIVE	glikson-2021-2021-esc-guidelines-on-cardiac-pacing-and-cardiac-resynchro_n0080/na_0003 type NormativeAssertion => glikson-2021-2021-esc-guidelines-on-cardiac-pacing-and-cardiac-resynchro_n0080/na_0003 deonticForce PERMISSIVE
Rule_983	?a type NormativeAssertion => ?a deonticForce PERMISSIVE	execut-1_n0049/na_0007 type NormativeAssertion => execut-1_n0049/na_0007 deonticForce PERMISSIVE
Rule_983	?a type NormativeAssertion => ?a deonticForce PERMISSIVE	glikson-2021-2021-esc-guidelines-on-cardiac-pacing-and-cardiac-resynchro_n0035/na_0003 type NormativeAssertion => glikson-2021-2021-esc-guidelines-on-cardiac-pacing-and-cardiac-resynchro_n0035/na_0003 deonticForce PERMISSIVE
Rule_983	?a type NormativeAssertion => ?a deonticForce PERMISSIVE	zeppenfeld-2022-esc-guidelines-va-and-scd_n0060/na_0005 type NormativeAssertion => zeppenfeld-2022-esc-guidelines-va-and-scd_n0060/na_0005 deonticForce PERMISSIVE
Rule_983	?a type NormativeAssertion => ?a deonticForce PERMISSIVE	visseren-2021-esc-guidelines-cardiovascular-disease-prevention_n0010/na_0014 type NormativeAssertion => visseren-2021-esc-guidelines-cardiovascular-disease-prevention_n0010/na_0014 deonticForce PERMISSIVE
Rule_983	?a type NormativeAssertion => ?a deonticForce PERMISSIVE	al-khatib-2017-aha-acc-hrs-guideline-va-and-scd_n0032/na_0001 type NormativeAssertion => al-khatib-2017-aha-acc-hrs-guideline-va-and-scd_n0032/na_0001 deonticForce PERMISSIVE
Rule_983	?a type NormativeAssertion => ?a deonticForce PERMISSIVE	mcdonagh-2023-esc-guidelines_n0020/na_0016 type NormativeAssertion => mcdonagh-2023-esc-guidelines_n0020/na_0016 deonticForce PERMISSIVE
Rule_983	?a type NormativeAssertion => ?a deonticForce PERMISSIVE	mcdonagh-2023-esc-guidelines_n0075/na_0001 type NormativeAssertion => mcdonagh-2023-esc-guidelines_n0075/na_0001 deonticForce PERMISSIVE
Rule_983	?a type NormativeAssertion => ?a deonticForce PERMISSIVE	sectio-1_n0018/na_0010 type NormativeAssertion => sectio-1_n0018/na_0010 deonticForce PERMISSIVE
Rule_983	?a type NormativeAssertion => ?a deonticForce PERMISSIVE	heidenreich-2022-aha-acc-hfsa-guidelines_n0080/na_0002 type NormativeAssertion => heidenreich-2022-aha-acc-hfsa-guidelines_n0080/na_0002 deonticForce PERMISSIVE
Rule_983	?a type NormativeAssertion => ?a deonticForce PERMISSIVE	su_verified_6ed52cdf724db04223b4d1c2e62f3c35f6b42bc19bc5e3198277d681d47e1eb9_table_5/na_0004 type NormativeAssertion => su_verified_6ed52cdf724db04223b4d1c2e62f3c35f6b42bc19bc5e3198277d681d47e1eb9_table_5/na_0004 deonticForce PERMISSIVE
Rule_983	?a type NormativeAssertion => ?a deonticForce PERMISSIVE	visseren-2021-esc-guidelines-cardiovascular-disease-prevention_n0078/na_0007 type NormativeAssertion => visseren-2021-esc-guidelines-cardiovascular-disease-prevention_n0078/na_0007 deonticForce PERMISSIVE
Rule_983	?a type NormativeAssertion => ?a deonticForce PERMISSIVE	zeppenfeld-2022-esc-guidelines-va-and-scd_n0072/na_0007 type NormativeAssertion => zeppenfeld-2022-esc-guidelines-va-and-scd_n0072/na_0007 deonticForce PERMISSIVE
Rule_983	?a type NormativeAssertion => ?a deonticForce PERMISSIVE	zeppenfeld-2022-esc-guidelines-va-and-scd_n0081/na_0010 type NormativeAssertion => zeppenfeld-2022-esc-guidelines-va-and-scd_n0081/na_0010 deonticForce PERMISSIVE
Rule_983	?a type NormativeAssertion => ?a deonticForce PERMISSIVE	page-2016-drugs-that-may-cause-or-exacerbate-heart-failure_n0001/na_0014 type NormativeAssertion => page-2016-drugs-that-may-cause-or-exacerbate-heart-failure_n0001/na_0014 deonticForce PERMISSIVE
Rule_983	?a type NormativeAssertion => ?a deonticForce PERMISSIVE	glikson-2021-2021-esc-guidelines-on-cardiac-pacing-and-cardiac-resynchro_n0020/na_0023 type NormativeAssertion => glikson-2021-2021-esc-guidelines-on-cardiac-pacing-and-cardiac-resynchro_n0020/na_0023 deonticForce PERMISSIVE
Rule_983	?a type NormativeAssertion => ?a deonticForce PERMISSIVE	mcdonagh-2023-esc-guidelines_n0089/na_0006 type NormativeAssertion => mcdonagh-2023-esc-guidelines_n0089/na_0006 deonticForce PERMISSIVE
Rule_983	?a type NormativeAssertion => ?a deonticForce PERMISSIVE	glikson-2021-2021-esc-guidelines-on-cardiac-pacing-and-cardiac-resynchro_n0020/na_0046 type NormativeAssertion => glikson-2021-2021-esc-guidelines-on-cardiac-pacing-and-cardiac-resynchro_n0020/na_0046 deonticForce PERMISSIVE
Rule_983	?a type NormativeAssertion => ?a deonticForce PERMISSIVE	regitz-zagrosek-2018-2018-esc-guideline-for-the-management-of-cardiovasc_n0023/na_0021 type NormativeAssertion => regitz-zagrosek-2018-2018-esc-guideline-for-the-management-of-cardiovasc_n0023/na_0021 deonticForce PERMISSIVE
Rule_983	?a type NormativeAssertion => ?a deonticForce PERMISSIVE	execut-1_n0044/na_0004 type NormativeAssertion => execut-1_n0044/na_0004 deonticForce PERMISSIVE
Rule_983	?a type NormativeAssertion => ?a deonticForce PERMISSIVE	execut-1_n0046/na_0012 type NormativeAssertion => execut-1_n0046/na_0012 deonticForce PERMISSIVE
Rule_983	?a type NormativeAssertion => ?a deonticForce PERMISSIVE	mcdonagh-2023-esc-guidelines_n0023/na_0001 type NormativeAssertion => mcdonagh-2023-esc-guidelines_n0023/na_0001 deonticForce PERMISSIVE
Rule_983	?a type NormativeAssertion => ?a deonticForce PERMISSIVE	zeppenfeld-2022-esc-guidelines-va-and-scd_n0060/na_0008 type NormativeAssertion => zeppenfeld-2022-esc-guidelines-va-and-scd_n0060/na_0008 deonticForce PERMISSIVE
Rule_983	?a type NormativeAssertion => ?a deonticForce PERMISSIVE	sectio-1_n0016/na_0013 type NormativeAssertion => sectio-1_n0016/na_0013 deonticForce PERMISSIVE
Rule_983	?a type NormativeAssertion => ?a deonticForce PERMISSIVE	zeppenfeld-2022-esc-guidelines-va-and-scd_n0068/na_0004 type NormativeAssertion => zeppenfeld-2022-esc-guidelines-va-and-scd_n0068/na_0004 deonticForce PERMISSIVE
Rule_983	?a type NormativeAssertion => ?a deonticForce PERMISSIVE	glikson-2021-2021-esc-guidelines-on-cardiac-pacing-and-cardiac-resynchro_n0020/na_0004 type NormativeAssertion => glikson-2021-2021-esc-guidelines-on-cardiac-pacing-and-cardiac-resynchro_n0020/na_0004 deonticForce PERMISSIVE
Rule_983	?a type NormativeAssertion => ?a deonticForce PERMISSIVE	zeppenfeld-2022-esc-guidelines-va-and-scd_n0036/na_0021 type NormativeAssertion => zeppenfeld-2022-esc-guidelines-va-and-scd_n0036/na_0021 deonticForce PERMISSIVE
Rule_983	?a type NormativeAssertion => ?a deonticForce PERMISSIVE	vest-2019-nutrition-obesity-and-cachexia-in-patients-with-heart-failure_n0001/na_0033 type NormativeAssertion => vest-2019-nutrition-obesity-and-cachexia-in-patients-with-heart-failure_n0001/na_0033 deonticForce PERMISSIVE
Rule_983	?a type NormativeAssertion => ?a deonticForce PERMISSIVE	zeppenfeld-2022-esc-guidelines-va-and-scd_n0017/na_0009 type NormativeAssertion => zeppenfeld-2022-esc-guidelines-va-and-scd_n0017/na_0009 deonticForce PERMISSIVE
Rule_983	?a type NormativeAssertion => ?a deonticForce PERMISSIVE	glikson-2021-2021-esc-guidelines-on-cardiac-pacing-and-cardiac-resynchro_n0086/na_0002 type NormativeAssertion => glikson-2021-2021-esc-guidelines-on-cardiac-pacing-and-cardiac-resynchro_n0086/na_0002 deonticForce PERMISSIVE
Rule_983	?a type NormativeAssertion => ?a deonticForce PERMISSIVE	glikson-2021-2021-esc-guidelines-on-cardiac-pacing-and-cardiac-resynchro_n0020/na_0040 type NormativeAssertion => glikson-2021-2021-esc-guidelines-on-cardiac-pacing-and-cardiac-resynchro_n0020/na_0040 deonticForce PERMISSIVE
Rule_983	?a type NormativeAssertion => ?a deonticForce PERMISSIVE	cardiosmart-decision-aid-icd-for-hf_n0002/na_0002 type NormativeAssertion => cardiosmart-decision-aid-icd-for-hf_n0002/na_0002 deonticForce PERMISSIVE
Rule_983	?a type NormativeAssertion => ?a deonticForce PERMISSIVE	piepoli-2011-exercise-training-in-heart-failure_n0004/na_0001 type NormativeAssertion => piepoli-2011-exercise-training-in-heart-failure_n0004/na_0001 deonticForce PERMISSIVE
Rule_983	?a type NormativeAssertion => ?a deonticForce PERMISSIVE	zeppenfeld-2022-esc-guidelines-va-and-scd_n0018/na_0032 type NormativeAssertion => zeppenfeld-2022-esc-guidelines-va-and-scd_n0018/na_0032 deonticForce PERMISSIVE
Rule_983	?a type NormativeAssertion => ?a deonticForce PERMISSIVE	visseren-2021-esc-guidelines-cardiovascular-disease-prevention_n0011/na_0002 type NormativeAssertion => visseren-2021-esc-guidelines-cardiovascular-disease-prevention_n0011/na_0002 deonticForce PERMISSIVE
Rule_983	?a type NormativeAssertion => ?a deonticForce PERMISSIVE	glikson-2021-2021-esc-guidelines-on-cardiac-pacing-and-cardiac-resynchro_n0022/na_0001 type NormativeAssertion => glikson-2021-2021-esc-guidelines-on-cardiac-pacing-and-cardiac-resynchro_n0022/na_0001 deonticForce PERMISSIVE
Rule_983	?a type NormativeAssertion => ?a deonticForce PERMISSIVE	sectio-1_n0017/na_0003 type NormativeAssertion => sectio-1_n0017/na_0003 deonticForce PERMISSIVE
Rule_983	?a type NormativeAssertion => ?a deonticForce PERMISSIVE	heidenreich-2022-aha-acc-hfsa-guidelines_n0039/na_0019 type NormativeAssertion => heidenreich-2022-aha-acc-hfsa-guidelines_n0039/na_0019 deonticForce PERMISSIVE
Rule_983	?a type NormativeAssertion => ?a deonticForce PERMISSIVE	visseren-2021-esc-guidelines-cardiovascular-disease-prevention_n0027/na_0003 type NormativeAssertion => visseren-2021-esc-guidelines-cardiovascular-disease-prevention_n0027/na_0003 deonticForce PERMISSIVE
Rule_983	?a type NormativeAssertion => ?a deonticForce PERMISSIVE	ambrosetti-2020-secondary-prevention-comprehensive-cardiovascular-rehabi_n0006/na_0016 type NormativeAssertion => ambrosetti-2020-secondary-prevention-comprehensive-cardiovascular-rehabi_n0006/na_0016 deonticForce PERMISSIVE
Rule_983	?a type NormativeAssertion => ?a deonticForce PERMISSIVE	ambrosetti-2020-secondary-prevention-comprehensive-cardiovascular-rehabi_n0006/na_0011 type NormativeAssertion => ambrosetti-2020-secondary-prevention-comprehensive-cardiovascular-rehabi_n0006/na_0011 deonticForce PERMISSIVE
Rule_983	?a type NormativeAssertion => ?a deonticForce PERMISSIVE	zeppenfeld-2022-esc-guidelines-va-and-scd_n0074/na_0003 type NormativeAssertion => zeppenfeld-2022-esc-guidelines-va-and-scd_n0074/na_0003 deonticForce PERMISSIVE
Rule_983	?a type NormativeAssertion => ?a deonticForce PERMISSIVE	zeppenfeld-2022-esc-guidelines-va-and-scd_n0082/na_0005 type NormativeAssertion => zeppenfeld-2022-esc-guidelines-va-and-scd_n0082/na_0005 deonticForce PERMISSIVE
Rule_983	?a type NormativeAssertion => ?a deonticForce PERMISSIVE	heidenreich-2022-aha-acc-hfsa-guidelines_n0107/na_0002 type NormativeAssertion => heidenreich-2022-aha-acc-hfsa-guidelines_n0107/na_0002 deonticForce PERMISSIVE
Rule_983	?a type NormativeAssertion => ?a deonticForce PERMISSIVE	zeppenfeld-2022-esc-guidelines-va-and-scd_n0070/na_0003 type NormativeAssertion => zeppenfeld-2022-esc-guidelines-va-and-scd_n0070/na_0003 deonticForce PERMISSIVE
Rule_983	?a type NormativeAssertion => ?a deonticForce PERMISSIVE	lenarczyk-2024-management-of-patients-with-an-electrical-storm-or-cluste_n0018/na_0006 type NormativeAssertion => lenarczyk-2024-management-of-patients-with-an-electrical-storm-or-cluste_n0018/na_0006 deonticForce PERMISSIVE
Rule_983	?a type NormativeAssertion => ?a deonticForce PERMISSIVE	page-2016-drugs-that-may-cause-or-exacerbate-heart-failure_n0001/na_0022 type NormativeAssertion => page-2016-drugs-that-may-cause-or-exacerbate-heart-failure_n0001/na_0022 deonticForce PERMISSIVE
Rule_983	?a type NormativeAssertion => ?a deonticForce PERMISSIVE	al-khatib-2017-aha-acc-hrs-guideline-va-and-scd_n0039/na_0003 type NormativeAssertion => al-khatib-2017-aha-acc-hrs-guideline-va-and-scd_n0039/na_0003 deonticForce PERMISSIVE
Rule_983	?a type NormativeAssertion => ?a deonticForce PERMISSIVE	glikson-2021-2021-esc-guidelines-on-cardiac-pacing-and-cardiac-resynchro_n0020/na_0043 type NormativeAssertion => glikson-2021-2021-esc-guidelines-on-cardiac-pacing-and-cardiac-resynchro_n0020/na_0043 deonticForce PERMISSIVE
Rule_983	?a type NormativeAssertion => ?a deonticForce PERMISSIVE	heidenreich-2022-aha-acc-hfsa-guidelines_n0039/na_0031 type NormativeAssertion => heidenreich-2022-aha-acc-hfsa-guidelines_n0039/na_0031 deonticForce PERMISSIVE
Rule_983	?a type NormativeAssertion => ?a deonticForce PERMISSIVE	glikson-2021-2021-esc-guidelines-on-cardiac-pacing-and-cardiac-resynchro_n0020/na_0077 type NormativeAssertion => glikson-2021-2021-esc-guidelines-on-cardiac-pacing-and-cardiac-resynchro_n0020/na_0077 deonticForce PERMISSIVE
Rule_983	?a type NormativeAssertion => ?a deonticForce PERMISSIVE	execut-1_n0027/na_0008 type NormativeAssertion => execut-1_n0027/na_0008 deonticForce PERMISSIVE
Rule_983	?a type NormativeAssertion => ?a deonticForce PERMISSIVE	al-khatib-2017-aha-acc-hrs-guideline-va-and-scd_n0030/na_0001 type NormativeAssertion => al-khatib-2017-aha-acc-hrs-guideline-va-and-scd_n0030/na_0001 deonticForce PERMISSIVE
Rule_983	?a type NormativeAssertion => ?a deonticForce PERMISSIVE	ambrosetti-2020-secondary-prevention-comprehensive-cardiovascular-rehabi_n0006/na_0024 type NormativeAssertion => ambrosetti-2020-secondary-prevention-comprehensive-cardiovascular-rehabi_n0006/na_0024 deonticForce PERMISSIVE
Rule_983	?a type NormativeAssertion => ?a deonticForce PERMISSIVE	visseren-2021-esc-guidelines-cardiovascular-disease-prevention_n0010/na_0055 type NormativeAssertion => visseren-2021-esc-guidelines-cardiovascular-disease-prevention_n0010/na_0055 deonticForce PERMISSIVE
Rule_983	?a type NormativeAssertion => ?a deonticForce PERMISSIVE	zeppenfeld-2022-esc-guidelines-va-and-scd_n0017/na_0011 type NormativeAssertion => zeppenfeld-2022-esc-guidelines-va-and-scd_n0017/na_0011 deonticForce PERMISSIVE
Rule_983	?a type NormativeAssertion => ?a deonticForce PERMISSIVE	mcdonagh-2023-esc-guidelines_n0021/na_0014 type NormativeAssertion => mcdonagh-2023-esc-guidelines_n0021/na_0014 deonticForce PERMISSIVE
Rule_983	?a type NormativeAssertion => ?a deonticForce PERMISSIVE	heidenreich-2022-aha-acc-hfsa-guidelines_n0073/na_0003 type NormativeAssertion => heidenreich-2022-aha-acc-hfsa-guidelines_n0073/na_0003 deonticForce PERMISSIVE
Rule_983	?a type NormativeAssertion => ?a deonticForce PERMISSIVE	mcdonagh-2023-esc-guidelines_n0089/na_0004 type NormativeAssertion => mcdonagh-2023-esc-guidelines_n0089/na_0004 deonticForce PERMISSIVE
Rule_983	?a type NormativeAssertion => ?a deonticForce PERMISSIVE	mcdonagh-2023-esc-guidelines_n0072/na_0001 type NormativeAssertion => mcdonagh-2023-esc-guidelines_n0072/na_0001 deonticForce PERMISSIVE
Rule_983	?a type NormativeAssertion => ?a deonticForce PERMISSIVE	visseren-2021-esc-guidelines-cardiovascular-disease-prevention_n0011/na_0003 type NormativeAssertion => visseren-2021-esc-guidelines-cardiovascular-disease-prevention_n0011/na_0003 deonticForce PERMISSIVE
Rule_983	?a type NormativeAssertion => ?a deonticForce PERMISSIVE	heidenreich-2022-aha-acc-hfsa-guidelines_n0071/na_0005 type NormativeAssertion => heidenreich-2022-aha-acc-hfsa-guidelines_n0071/na_0005 deonticForce PERMISSIVE
Rule_983	?a type NormativeAssertion => ?a deonticForce PERMISSIVE	braunschweig-2010-management-of-patients-receiving-implantable-cardiac-d_n0007/na_0002 type NormativeAssertion => braunschweig-2010-management-of-patients-receiving-implantable-cardiac-d_n0007/na_0002 deonticForce PERMISSIVE
Rule_983	?a type NormativeAssertion => ?a deonticForce PERMISSIVE	page-2016-drugs-that-may-cause-or-exacerbate-heart-failure_n0001/na_0007 type NormativeAssertion => page-2016-drugs-that-may-cause-or-exacerbate-heart-failure_n0001/na_0007 deonticForce PERMISSIVE
Rule_983	?a type NormativeAssertion => ?a deonticForce PERMISSIVE	vest-2019-nutrition-obesity-and-cachexia-in-patients-with-heart-failure_n0002/na_0011 type NormativeAssertion => vest-2019-nutrition-obesity-and-cachexia-in-patients-with-heart-failure_n0002/na_0011 deonticForce PERMISSIVE
Rule_983	?a type NormativeAssertion => ?a deonticForce PERMISSIVE	pedretti-2021-comprehensive-multicomponent-cardiac-rehabilitation-in-car_n0004/na_0007 type NormativeAssertion => pedretti-2021-comprehensive-multicomponent-cardiac-rehabilitation-in-car_n0004/na_0007 deonticForce PERMISSIVE
Rule_983	?a type NormativeAssertion => ?a deonticForce PERMISSIVE	sectio-1_n0017/na_0017 type NormativeAssertion => sectio-1_n0017/na_0017 deonticForce PERMISSIVE
Rule_983	?a type NormativeAssertion => ?a deonticForce PERMISSIVE	pelliccia-2020-2020-esc-guidelines-on-sports-cardiology-and-exercise-in_n0040/na_0006 type NormativeAssertion => pelliccia-2020-2020-esc-guidelines-on-sports-cardiology-and-exercise-in_n0040/na_0006 deonticForce PERMISSIVE
Rule_983	?a type NormativeAssertion => ?a deonticForce PERMISSIVE	heidenreich-2022-aha-acc-hfsa-guidelines_n0039/na_0023 type NormativeAssertion => heidenreich-2022-aha-acc-hfsa-guidelines_n0039/na_0023 deonticForce PERMISSIVE
Rule_983	?a type NormativeAssertion => ?a deonticForce PERMISSIVE	execut-1_n0036/na_0003 type NormativeAssertion => execut-1_n0036/na_0003 deonticForce PERMISSIVE
Rule_983	?a type NormativeAssertion => ?a deonticForce PERMISSIVE	braunschweig-2010-management-of-patients-receiving-implantable-cardiac-d_n0007/na_0013 type NormativeAssertion => braunschweig-2010-management-of-patients-receiving-implantable-cardiac-d_n0007/na_0013 deonticForce PERMISSIVE
Rule_983	?a type NormativeAssertion => ?a deonticForce PERMISSIVE	ambrosetti-2020-secondary-prevention-comprehensive-cardiovascular-rehabi_n0006/na_0012 type NormativeAssertion => ambrosetti-2020-secondary-prevention-comprehensive-cardiovascular-rehabi_n0006/na_0012 deonticForce PERMISSIVE
Rule_983	?a type NormativeAssertion => ?a deonticForce PERMISSIVE	zeppenfeld-2022-esc-guidelines-va-and-scd_n0019/na_0032 type NormativeAssertion => zeppenfeld-2022-esc-guidelines-va-and-scd_n0019/na_0032 deonticForce PERMISSIVE
Rule_983	?a type NormativeAssertion => ?a deonticForce PERMISSIVE	heidenreich-2022-aha-acc-hfsa-guidelines_n0039/na_0026 type NormativeAssertion => heidenreich-2022-aha-acc-hfsa-guidelines_n0039/na_0026 deonticForce PERMISSIVE
Rule_983	?a type NormativeAssertion => ?a deonticForce PERMISSIVE	execut-1_n0043/na_0020 type NormativeAssertion => execut-1_n0043/na_0020 deonticForce PERMISSIVE
Rule_983	?a type NormativeAssertion => ?a deonticForce PERMISSIVE	visseren-2021-esc-guidelines-cardiovascular-disease-prevention_n0029/na_0002 type NormativeAssertion => visseren-2021-esc-guidelines-cardiovascular-disease-prevention_n0029/na_0002 deonticForce PERMISSIVE
Rule_983	?a type NormativeAssertion => ?a deonticForce PERMISSIVE	su_verified_6ed52cdf724db04223b4d1c2e62f3c35f6b42bc19bc5e3198277d681d47e1eb9_table_7/na_0003 type NormativeAssertion => su_verified_6ed52cdf724db04223b4d1c2e62f3c35f6b42bc19bc5e3198277d681d47e1eb9_table_7/na_0003 deonticForce PERMISSIVE
Rule_983	?a type NormativeAssertion => ?a deonticForce PERMISSIVE	su_verified_0074e29f31a1f0feb082e0064bee46f60bf6b5ae3f8703d1231341374ed97e52_table_1/na_0036 type NormativeAssertion => su_verified_0074e29f31a1f0feb082e0064bee46f60bf6b5ae3f8703d1231341374ed97e52_table_1/na_0036 deonticForce PERMISSIVE
Rule_983	?a type NormativeAssertion => ?a deonticForce PERMISSIVE	al-khatib-2017-aha-acc-hrs-guideline-va-and-scd_n0043/na_0008 type NormativeAssertion => al-khatib-2017-aha-acc-hrs-guideline-va-and-scd_n0043/na_0008 deonticForce PERMISSIVE
Rule_983	?a type NormativeAssertion => ?a deonticForce PERMISSIVE	execut-1_n0021/na_0012 type NormativeAssertion => execut-1_n0021/na_0012 deonticForce PERMISSIVE
Rule_983	?a type NormativeAssertion => ?a deonticForce PERMISSIVE	mcdonagh-2023-esc-guidelines_n0022/na_0013 type NormativeAssertion => mcdonagh-2023-esc-guidelines_n0022/na_0013 deonticForce PERMISSIVE
Rule_983	?a type NormativeAssertion => ?a deonticForce PERMISSIVE	mcdonagh-2023-esc-guidelines_n0023/na_0004 type NormativeAssertion => mcdonagh-2023-esc-guidelines_n0023/na_0004 deonticForce PERMISSIVE
Rule_983	?a type NormativeAssertion => ?a deonticForce PERMISSIVE	al-khatib-2017-aha-acc-hrs-guideline-va-and-scd_n0079/na_0006 type NormativeAssertion => al-khatib-2017-aha-acc-hrs-guideline-va-and-scd_n0079/na_0006 deonticForce PERMISSIVE
Rule_983	?a type NormativeAssertion => ?a deonticForce PERMISSIVE	al-khatib-2017-aha-acc-hrs-guideline-va-and-scd_n0029/na_0001 type NormativeAssertion => al-khatib-2017-aha-acc-hrs-guideline-va-and-scd_n0029/na_0001 deonticForce PERMISSIVE
Rule_983	?a type NormativeAssertion => ?a deonticForce PERMISSIVE	glikson-2021-2021-esc-guidelines-on-cardiac-pacing-and-cardiac-resynchro_n0020/na_0007 type NormativeAssertion => glikson-2021-2021-esc-guidelines-on-cardiac-pacing-and-cardiac-resynchro_n0020/na_0007 deonticForce PERMISSIVE
Rule_983	?a type NormativeAssertion => ?a deonticForce PERMISSIVE	zeppenfeld-2022-esc-guidelines-va-and-scd_n0078/na_0004 type NormativeAssertion => zeppenfeld-2022-esc-guidelines-va-and-scd_n0078/na_0004 deonticForce PERMISSIVE
Rule_983	?a type NormativeAssertion => ?a deonticForce PERMISSIVE	van-diepen-2017-contemporary-management-of-cardiogenic-shock_n0008/na_0010 type NormativeAssertion => van-diepen-2017-contemporary-management-of-cardiogenic-shock_n0008/na_0010 deonticForce PERMISSIVE
Rule_983	?a type NormativeAssertion => ?a deonticForce PERMISSIVE	sectio-1_n0016/na_0004 type NormativeAssertion => sectio-1_n0016/na_0004 deonticForce PERMISSIVE
Rule_983	?a type NormativeAssertion => ?a deonticForce PERMISSIVE	visseren-2021-esc-guidelines-cardiovascular-disease-prevention_n0033/na_0011 type NormativeAssertion => visseren-2021-esc-guidelines-cardiovascular-disease-prevention_n0033/na_0011 deonticForce PERMISSIVE
Rule_983	?a type NormativeAssertion => ?a deonticForce PERMISSIVE	mcdonagh-2023-esc-guidelines_n0070/na_0006 type NormativeAssertion => mcdonagh-2023-esc-guidelines_n0070/na_0006 deonticForce PERMISSIVE
Rule_983	?a type NormativeAssertion => ?a deonticForce PERMISSIVE	heidenreich-2022-aha-acc-hfsa-guidelines_n0039/na_0017 type NormativeAssertion => heidenreich-2022-aha-acc-hfsa-guidelines_n0039/na_0017 deonticForce PERMISSIVE
Rule_983	?a type NormativeAssertion => ?a deonticForce PERMISSIVE	heidenreich-2022-aha-acc-hfsa-guidelines_n0091/na_0004 type NormativeAssertion => heidenreich-2022-aha-acc-hfsa-guidelines_n0091/na_0004 deonticForce PERMISSIVE
Rule_983	?a type NormativeAssertion => ?a deonticForce PERMISSIVE	visseren-2021-esc-guidelines-cardiovascular-disease-prevention_n0051/na_0002 type NormativeAssertion => visseren-2021-esc-guidelines-cardiovascular-disease-prevention_n0051/na_0002 deonticForce PERMISSIVE
Rule_983	?a type NormativeAssertion => ?a deonticForce PERMISSIVE	execut-1_n0041/na_0006 type NormativeAssertion => execut-1_n0041/na_0006 deonticForce PERMISSIVE
Rule_983	?a type NormativeAssertion => ?a deonticForce PERMISSIVE	zeppenfeld-2022-esc-guidelines-va-and-scd_n0063/na_0006 type NormativeAssertion => zeppenfeld-2022-esc-guidelines-va-and-scd_n0063/na_0006 deonticForce PERMISSIVE
Rule_983	?a type NormativeAssertion => ?a deonticForce PERMISSIVE	pelliccia-2020-2020-esc-guidelines-on-sports-cardiology-and-exercise-in_n0054/na_0006 type NormativeAssertion => pelliccia-2020-2020-esc-guidelines-on-sports-cardiology-and-exercise-in_n0054/na_0006 deonticForce PERMISSIVE
Rule_983	?a type NormativeAssertion => ?a deonticForce PERMISSIVE	al-khatib-2017-aha-acc-hrs-guideline-va-and-scd_n0044/na_0008 type NormativeAssertion => al-khatib-2017-aha-acc-hrs-guideline-va-and-scd_n0044/na_0008 deonticForce PERMISSIVE
Rule_983	?a type NormativeAssertion => ?a deonticForce PERMISSIVE	zeppenfeld-2022-esc-guidelines-va-and-scd_n0068/na_0002 type NormativeAssertion => zeppenfeld-2022-esc-guidelines-va-and-scd_n0068/na_0002 deonticForce PERMISSIVE
Rule_983	?a type NormativeAssertion => ?a deonticForce PERMISSIVE	al-khatib-2017-aha-acc-hrs-guideline-va-and-scd_n0055/na_0003 type NormativeAssertion => al-khatib-2017-aha-acc-hrs-guideline-va-and-scd_n0055/na_0003 deonticForce PERMISSIVE
Rule_983	?a type NormativeAssertion => ?a deonticForce PERMISSIVE	regitz-zagrosek-2018-2018-esc-guideline-for-the-management-of-cardiovasc_n0016/na_0016 type NormativeAssertion => regitz-zagrosek-2018-2018-esc-guideline-for-the-management-of-cardiovasc_n0016/na_0016 deonticForce PERMISSIVE
Rule_983	?a type NormativeAssertion => ?a deonticForce PERMISSIVE	glikson-2021-2021-esc-guidelines-on-cardiac-pacing-and-cardiac-resynchro_n0020/na_0042 type NormativeAssertion => glikson-2021-2021-esc-guidelines-on-cardiac-pacing-and-cardiac-resynchro_n0020/na_0042 deonticForce PERMISSIVE
Rule_983	?a type NormativeAssertion => ?a deonticForce PERMISSIVE	glikson-2021-2021-esc-guidelines-on-cardiac-pacing-and-cardiac-resynchro_n0020/na_0012 type NormativeAssertion => glikson-2021-2021-esc-guidelines-on-cardiac-pacing-and-cardiac-resynchro_n0020/na_0012 deonticForce PERMISSIVE
Rule_983	?a type NormativeAssertion => ?a deonticForce PERMISSIVE	zeppenfeld-2022-esc-guidelines-va-and-scd_n0036/na_0019 type NormativeAssertion => zeppenfeld-2022-esc-guidelines-va-and-scd_n0036/na_0019 deonticForce PERMISSIVE
Rule_983	?a type NormativeAssertion => ?a deonticForce PERMISSIVE	execut-1_n0049/na_0006 type NormativeAssertion => execut-1_n0049/na_0006 deonticForce PERMISSIVE
Rule_983	?a type NormativeAssertion => ?a deonticForce PERMISSIVE	page-2016-drugs-that-may-cause-or-exacerbate-heart-failure_n0001/na_0013 type NormativeAssertion => page-2016-drugs-that-may-cause-or-exacerbate-heart-failure_n0001/na_0013 deonticForce PERMISSIVE
Rule_983	?a type NormativeAssertion => ?a deonticForce PERMISSIVE	zeppenfeld-2022-esc-guidelines-va-and-scd_n0019/na_0015 type NormativeAssertion => zeppenfeld-2022-esc-guidelines-va-and-scd_n0019/na_0015 deonticForce PERMISSIVE
Rule_983	?a type NormativeAssertion => ?a deonticForce PERMISSIVE	vest-2019-nutrition-obesity-and-cachexia-in-patients-with-heart-failure_n0001/na_0053 type NormativeAssertion => vest-2019-nutrition-obesity-and-cachexia-in-patients-with-heart-failure_n0001/na_0053 deonticForce PERMISSIVE
Rule_983	?a type NormativeAssertion => ?a deonticForce PERMISSIVE	zeppenfeld-2022-esc-guidelines-va-and-scd_n0034/na_0010 type NormativeAssertion => zeppenfeld-2022-esc-guidelines-va-and-scd_n0034/na_0010 deonticForce PERMISSIVE
Rule_983	?a type NormativeAssertion => ?a deonticForce PERMISSIVE	glikson-2021-2021-esc-guidelines-on-cardiac-pacing-and-cardiac-resynchro_n0020/na_0027 type NormativeAssertion => glikson-2021-2021-esc-guidelines-on-cardiac-pacing-and-cardiac-resynchro_n0020/na_0027 deonticForce PERMISSIVE
Rule_983	?a type NormativeAssertion => ?a deonticForce PERMISSIVE	mcdonagh-2023-esc-guidelines_n0068/na_0023 type NormativeAssertion => mcdonagh-2023-esc-guidelines_n0068/na_0023 deonticForce PERMISSIVE
Rule_983	?a type NormativeAssertion => ?a deonticForce PERMISSIVE	mcdonagh-2023-esc-guidelines_n0020/na_0009 type NormativeAssertion => mcdonagh-2023-esc-guidelines_n0020/na_0009 deonticForce PERMISSIVE
Rule_983	?a type NormativeAssertion => ?a deonticForce PERMISSIVE	regitz-zagrosek-2018-2018-esc-guideline-for-the-management-of-cardiovasc_n0025/na_0012 type NormativeAssertion => regitz-zagrosek-2018-2018-esc-guideline-for-the-management-of-cardiovasc_n0025/na_0012 deonticForce PERMISSIVE
Rule_983	?a type NormativeAssertion => ?a deonticForce PERMISSIVE	al-khatib-2017-aha-acc-hrs-guideline-va-and-scd_n0061/na_0003 type NormativeAssertion => al-khatib-2017-aha-acc-hrs-guideline-va-and-scd_n0061/na_0003 deonticForce PERMISSIVE
Rule_983	?a type NormativeAssertion => ?a deonticForce PERMISSIVE	al-khatib-2017-aha-acc-hrs-guideline-va-and-scd_n0043/na_0005 type NormativeAssertion => al-khatib-2017-aha-acc-hrs-guideline-va-and-scd_n0043/na_0005 deonticForce PERMISSIVE
Rule_983	?a type NormativeAssertion => ?a deonticForce PERMISSIVE	heidenreich-2022-aha-acc-hfsa-guidelines_n0017/na_0004 type NormativeAssertion => heidenreich-2022-aha-acc-hfsa-guidelines_n0017/na_0004 deonticForce PERMISSIVE
Rule_983	?a type NormativeAssertion => ?a deonticForce PERMISSIVE	pedretti-2021-comprehensive-multicomponent-cardiac-rehabilitation-in-car_n0004/na_0008 type NormativeAssertion => pedretti-2021-comprehensive-multicomponent-cardiac-rehabilitation-in-car_n0004/na_0008 deonticForce PERMISSIVE
Rule_983	?a type NormativeAssertion => ?a deonticForce PERMISSIVE	pelliccia-2020-2020-esc-guidelines-on-sports-cardiology-and-exercise-in_n0027/na_0004 type NormativeAssertion => pelliccia-2020-2020-esc-guidelines-on-sports-cardiology-and-exercise-in_n0027/na_0004 deonticForce PERMISSIVE
Rule_983	?a type NormativeAssertion => ?a deonticForce PERMISSIVE	al-khatib-2017-aha-acc-hrs-guideline-va-and-scd_n0061/na_0001 type NormativeAssertion => al-khatib-2017-aha-acc-hrs-guideline-va-and-scd_n0061/na_0001 deonticForce PERMISSIVE
Rule_983	?a type NormativeAssertion => ?a deonticForce PERMISSIVE	morris-2021-guidance-for-timely-and-appropriate-referral-of-patients-wit_n0002/na_0002 type NormativeAssertion => morris-2021-guidance-for-timely-and-appropriate-referral-of-patients-wit_n0002/na_0002 deonticForce PERMISSIVE
Rule_983	?a type NormativeAssertion => ?a deonticForce PERMISSIVE	pelliccia-2020-2020-esc-guidelines-on-sports-cardiology-and-exercise-in_n0039/na_0007 type NormativeAssertion => pelliccia-2020-2020-esc-guidelines-on-sports-cardiology-and-exercise-in_n0039/na_0007 deonticForce PERMISSIVE
Rule_983	?a type NormativeAssertion => ?a deonticForce PERMISSIVE	page-2016-drugs-that-may-cause-or-exacerbate-heart-failure_n0001/na_0001 type NormativeAssertion => page-2016-drugs-that-may-cause-or-exacerbate-heart-failure_n0001/na_0001 deonticForce PERMISSIVE
Rule_983	?a type NormativeAssertion => ?a deonticForce PERMISSIVE	mcdonagh-2023-esc-guidelines_n0021/na_0018 type NormativeAssertion => mcdonagh-2023-esc-guidelines_n0021/na_0018 deonticForce PERMISSIVE
Rule_983	?a type NormativeAssertion => ?a deonticForce PERMISSIVE	al-khatib-2017-aha-acc-hrs-guideline-va-and-scd_n0069/na_0003 type NormativeAssertion => al-khatib-2017-aha-acc-hrs-guideline-va-and-scd_n0069/na_0003 deonticForce PERMISSIVE
Rule_983	?a type NormativeAssertion => ?a deonticForce PERMISSIVE	zeppenfeld-2022-esc-guidelines-va-and-scd_n0075/na_0002 type NormativeAssertion => zeppenfeld-2022-esc-guidelines-va-and-scd_n0075/na_0002 deonticForce PERMISSIVE
Rule_983	?a type NormativeAssertion => ?a deonticForce PERMISSIVE	mcdonagh-2023-esc-guidelines_n0020/na_0008 type NormativeAssertion => mcdonagh-2023-esc-guidelines_n0020/na_0008 deonticForce PERMISSIVE
Rule_983	?a type NormativeAssertion => ?a deonticForce PERMISSIVE	ambrosetti-2020-secondary-prevention-comprehensive-cardiovascular-rehabi_n0016/na_0009 type NormativeAssertion => ambrosetti-2020-secondary-prevention-comprehensive-cardiovascular-rehabi_n0016/na_0009 deonticForce PERMISSIVE
Rule_983	?a type NormativeAssertion => ?a deonticForce PERMISSIVE	ambrosetti-2020-secondary-prevention-comprehensive-cardiovascular-rehabi_n0013/na_9000 type NormativeAssertion => ambrosetti-2020-secondary-prevention-comprehensive-cardiovascular-rehabi_n0013/na_9000 deonticForce PERMISSIVE
Rule_983	?a type NormativeAssertion => ?a deonticForce PERMISSIVE	zeppenfeld-2022-esc-guidelines-va-and-scd_n0018/na_0016 type NormativeAssertion => zeppenfeld-2022-esc-guidelines-va-and-scd_n0018/na_0016 deonticForce PERMISSIVE
Rule_983	?a type NormativeAssertion => ?a deonticForce PERMISSIVE	glikson-2021-2021-esc-guidelines-on-cardiac-pacing-and-cardiac-resynchro_n0020/na_0052 type NormativeAssertion => glikson-2021-2021-esc-guidelines-on-cardiac-pacing-and-cardiac-resynchro_n0020/na_0052 deonticForce PERMISSIVE
Rule_983	?a type NormativeAssertion => ?a deonticForce PERMISSIVE	van-diepen-2017-contemporary-management-of-cardiogenic-shock_n0008/na_0008 type NormativeAssertion => van-diepen-2017-contemporary-management-of-cardiogenic-shock_n0008/na_0008 deonticForce PERMISSIVE
Rule_983	?a type NormativeAssertion => ?a deonticForce PERMISSIVE	visseren-2021-esc-guidelines-cardiovascular-disease-prevention_n0078/na_0006 type NormativeAssertion => visseren-2021-esc-guidelines-cardiovascular-disease-prevention_n0078/na_0006 deonticForce PERMISSIVE
Rule_983	?a type NormativeAssertion => ?a deonticForce PERMISSIVE	heidenreich-2022-aha-acc-hfsa-guidelines_n0056/na_0012 type NormativeAssertion => heidenreich-2022-aha-acc-hfsa-guidelines_n0056/na_0012 deonticForce PERMISSIVE
Rule_983	?a type NormativeAssertion => ?a deonticForce PERMISSIVE	mcdonagh-2023-esc-guidelines_n0066/na_0003 type NormativeAssertion => mcdonagh-2023-esc-guidelines_n0066/na_0003 deonticForce PERMISSIVE
Rule_983	?a type NormativeAssertion => ?a deonticForce PERMISSIVE	ambrosetti-2020-secondary-prevention-comprehensive-cardiovascular-rehabi_n0006/na_0010 type NormativeAssertion => ambrosetti-2020-secondary-prevention-comprehensive-cardiovascular-rehabi_n0006/na_0010 deonticForce PERMISSIVE
Rule_983	?a type NormativeAssertion => ?a deonticForce PERMISSIVE	zeppenfeld-2022-esc-guidelines-va-and-scd_n0020/na_0018 type NormativeAssertion => zeppenfeld-2022-esc-guidelines-va-and-scd_n0020/na_0018 deonticForce PERMISSIVE
Rule_983	?a type NormativeAssertion => ?a deonticForce PERMISSIVE	sectio-1_n0023/na_0005 type NormativeAssertion => sectio-1_n0023/na_0005 deonticForce PERMISSIVE
Rule_983	?a type NormativeAssertion => ?a deonticForce PERMISSIVE	visseren-2021-esc-guidelines-cardiovascular-disease-prevention_n0010/na_0044 type NormativeAssertion => visseren-2021-esc-guidelines-cardiovascular-disease-prevention_n0010/na_0044 deonticForce PERMISSIVE
Rule_983	?a type NormativeAssertion => ?a deonticForce PERMISSIVE	zeppenfeld-2022-esc-guidelines-va-and-scd_n0019/na_0041 type NormativeAssertion => zeppenfeld-2022-esc-guidelines-va-and-scd_n0019/na_0041 deonticForce PERMISSIVE
Rule_983	?a type NormativeAssertion => ?a deonticForce PERMISSIVE	visseren-2021-esc-guidelines-cardiovascular-disease-prevention_n0027/na_0007 type NormativeAssertion => visseren-2021-esc-guidelines-cardiovascular-disease-prevention_n0027/na_0007 deonticForce PERMISSIVE
Rule_983	?a type NormativeAssertion => ?a deonticForce PERMISSIVE	heidenreich-2022-aha-acc-hfsa-guidelines_n0104/na_0006 type NormativeAssertion => heidenreich-2022-aha-acc-hfsa-guidelines_n0104/na_0006 deonticForce PERMISSIVE
Rule_983	?a type NormativeAssertion => ?a deonticForce PERMISSIVE	zeppenfeld-2022-esc-guidelines-va-and-scd_n0072/na_0002 type NormativeAssertion => zeppenfeld-2022-esc-guidelines-va-and-scd_n0072/na_0002 deonticForce PERMISSIVE
Rule_983	?a type NormativeAssertion => ?a deonticForce PERMISSIVE	mcdonagh-2023-esc-guidelines_n0094/na_0005 type NormativeAssertion => mcdonagh-2023-esc-guidelines_n0094/na_0005 deonticForce PERMISSIVE
Rule_983	?a type NormativeAssertion => ?a deonticForce PERMISSIVE	execut-1_n0032/na_0021 type NormativeAssertion => execut-1_n0032/na_0021 deonticForce PERMISSIVE
Rule_983	?a type NormativeAssertion => ?a deonticForce PERMISSIVE	heidenreich-2022-aha-acc-hfsa-guidelines_n0049/na_0002 type NormativeAssertion => heidenreich-2022-aha-acc-hfsa-guidelines_n0049/na_0002 deonticForce PERMISSIVE
Rule_983	?a type NormativeAssertion => ?a deonticForce PERMISSIVE	mcdonagh-2023-esc-guidelines_n0032/na_0003 type NormativeAssertion => mcdonagh-2023-esc-guidelines_n0032/na_0003 deonticForce PERMISSIVE
Rule_983	?a type NormativeAssertion => ?a deonticForce PERMISSIVE	ambrosetti-2020-secondary-prevention-comprehensive-cardiovascular-rehabi_n0001/na_0005 type NormativeAssertion => ambrosetti-2020-secondary-prevention-comprehensive-cardiovascular-rehabi_n0001/na_0005 deonticForce PERMISSIVE
Rule_983	?a type NormativeAssertion => ?a deonticForce PERMISSIVE	zeppenfeld-2022-esc-guidelines-va-and-scd_n0019/na_0061 type NormativeAssertion => zeppenfeld-2022-esc-guidelines-va-and-scd_n0019/na_0061 deonticForce PERMISSIVE
Rule_983	?a type NormativeAssertion => ?a deonticForce PERMISSIVE	page-2016-drugs-that-may-cause-or-exacerbate-heart-failure_n0001/na_0012 type NormativeAssertion => page-2016-drugs-that-may-cause-or-exacerbate-heart-failure_n0001/na_0012 deonticForce PERMISSIVE
Rule_983	?a type NormativeAssertion => ?a deonticForce PERMISSIVE	execut-1_n0043/na_0015 type NormativeAssertion => execut-1_n0043/na_0015 deonticForce PERMISSIVE
Rule_983	?a type NormativeAssertion => ?a deonticForce PERMISSIVE	execut-1_n0041/na_0002 type NormativeAssertion => execut-1_n0041/na_0002 deonticForce PERMISSIVE
Rule_983	?a type NormativeAssertion => ?a deonticForce PERMISSIVE	al-khatib-2017-aha-acc-hrs-guideline-va-and-scd_n0035/na_0004 type NormativeAssertion => al-khatib-2017-aha-acc-hrs-guideline-va-and-scd_n0035/na_0004 deonticForce PERMISSIVE
Rule_983	?a type NormativeAssertion => ?a deonticForce PERMISSIVE	lenarczyk-2024-management-of-patients-with-an-electrical-storm-or-cluste_n0018/na_0007 type NormativeAssertion => lenarczyk-2024-management-of-patients-with-an-electrical-storm-or-cluste_n0018/na_0007 deonticForce PERMISSIVE
Rule_983	?a type NormativeAssertion => ?a deonticForce PERMISSIVE	tsutsui-2023-natriuretic-peptides-role-in-the-diagnosis-and-management-o_n0001/na_0006 type NormativeAssertion => tsutsui-2023-natriuretic-peptides-role-in-the-diagnosis-and-management-o_n0001/na_0006 deonticForce PERMISSIVE
Rule_983	?a type NormativeAssertion => ?a deonticForce PERMISSIVE	sectio-1_n0023/na_0003 type NormativeAssertion => sectio-1_n0023/na_0003 deonticForce PERMISSIVE
Rule_983	?a type NormativeAssertion => ?a deonticForce PERMISSIVE	glikson-2021-2021-esc-guidelines-on-cardiac-pacing-and-cardiac-resynchro_n0021/na_0001 type NormativeAssertion => glikson-2021-2021-esc-guidelines-on-cardiac-pacing-and-cardiac-resynchro_n0021/na_0001 deonticForce PERMISSIVE
Rule_983	?a type NormativeAssertion => ?a deonticForce PERMISSIVE	zeppenfeld-2022-esc-guidelines-va-and-scd_n0021/na_0018 type NormativeAssertion => zeppenfeld-2022-esc-guidelines-va-and-scd_n0021/na_0018 deonticForce PERMISSIVE
Rule_983	?a type NormativeAssertion => ?a deonticForce PERMISSIVE	sectio-1_n0012/na_0006 type NormativeAssertion => sectio-1_n0012/na_0006 deonticForce PERMISSIVE
Rule_983	?a type NormativeAssertion => ?a deonticForce PERMISSIVE	heidenreich-2022-aha-acc-hfsa-guidelines_n0039/na_0011 type NormativeAssertion => heidenreich-2022-aha-acc-hfsa-guidelines_n0039/na_0011 deonticForce PERMISSIVE
Rule_983	?a type NormativeAssertion => ?a deonticForce PERMISSIVE	visseren-2021-esc-guidelines-cardiovascular-disease-prevention_n0010/na_0012 type NormativeAssertion => visseren-2021-esc-guidelines-cardiovascular-disease-prevention_n0010/na_0012 deonticForce PERMISSIVE
Rule_983	?a type NormativeAssertion => ?a deonticForce PERMISSIVE	regitz-zagrosek-2018-2018-esc-guideline-for-the-management-of-cardiovasc_n0016/na_0018 type NormativeAssertion => regitz-zagrosek-2018-2018-esc-guideline-for-the-management-of-cardiovasc_n0016/na_0018 deonticForce PERMISSIVE
Rule_983	?a type NormativeAssertion => ?a deonticForce PERMISSIVE	glikson-2021-2021-esc-guidelines-on-cardiac-pacing-and-cardiac-resynchro_n0020/na_0060 type NormativeAssertion => glikson-2021-2021-esc-guidelines-on-cardiac-pacing-and-cardiac-resynchro_n0020/na_0060 deonticForce PERMISSIVE
Rule_983	?a type NormativeAssertion => ?a deonticForce PERMISSIVE	cardiosmart-modul1-zusammengefugt_n0008/na_0002 type NormativeAssertion => cardiosmart-modul1-zusammengefugt_n0008/na_0002 deonticForce PERMISSIVE
Rule_983	?a type NormativeAssertion => ?a deonticForce PERMISSIVE	ambrosetti-2020-secondary-prevention-comprehensive-cardiovascular-rehabi_n0006/na_0005 type NormativeAssertion => ambrosetti-2020-secondary-prevention-comprehensive-cardiovascular-rehabi_n0006/na_0005 deonticForce PERMISSIVE
Rule_983	?a type NormativeAssertion => ?a deonticForce PERMISSIVE	page-2016-drugs-that-may-cause-or-exacerbate-heart-failure_n0001/na_0015 type NormativeAssertion => page-2016-drugs-that-may-cause-or-exacerbate-heart-failure_n0001/na_0015 deonticForce PERMISSIVE
Rule_983	?a type NormativeAssertion => ?a deonticForce PERMISSIVE	execut-1_n0032/na_0005 type NormativeAssertion => execut-1_n0032/na_0005 deonticForce PERMISSIVE
Rule_983	?a type NormativeAssertion => ?a deonticForce PERMISSIVE	zeppenfeld-2022-esc-guidelines-va-and-scd_n0021/na_0001 type NormativeAssertion => zeppenfeld-2022-esc-guidelines-va-and-scd_n0021/na_0001 deonticForce PERMISSIVE
Rule_983	?a type NormativeAssertion => ?a deonticForce PERMISSIVE	ambrosetti-2020-secondary-prevention-comprehensive-cardiovascular-rehabi_n0006/na_0013 type NormativeAssertion => ambrosetti-2020-secondary-prevention-comprehensive-cardiovascular-rehabi_n0006/na_0013 deonticForce PERMISSIVE
Rule_983	?a type NormativeAssertion => ?a deonticForce PERMISSIVE	sectio-1_n0022/na_0001 type NormativeAssertion => sectio-1_n0022/na_0001 deonticForce PERMISSIVE
Rule_983	?a type NormativeAssertion => ?a deonticForce PERMISSIVE	glikson-2021-2021-esc-guidelines-on-cardiac-pacing-and-cardiac-resynchro_n0052/na_0006 type NormativeAssertion => glikson-2021-2021-esc-guidelines-on-cardiac-pacing-and-cardiac-resynchro_n0052/na_0006 deonticForce PERMISSIVE
Rule_983	?a type NormativeAssertion => ?a deonticForce PERMISSIVE	execut-1_n0032/na_0019 type NormativeAssertion => execut-1_n0032/na_0019 deonticForce PERMISSIVE
Rule_983	?a type NormativeAssertion => ?a deonticForce PERMISSIVE	execut-1_n0029/na_0015 type NormativeAssertion => execut-1_n0029/na_0015 deonticForce PERMISSIVE
Rule_983	?a type NormativeAssertion => ?a deonticForce PERMISSIVE	zeppenfeld-2022-esc-guidelines-va-and-scd_n0078/na_0003 type NormativeAssertion => zeppenfeld-2022-esc-guidelines-va-and-scd_n0078/na_0003 deonticForce PERMISSIVE
Rule_983	?a type NormativeAssertion => ?a deonticForce PERMISSIVE	glikson-2021-2021-esc-guidelines-on-cardiac-pacing-and-cardiac-resynchro_n0020/na_0048 type NormativeAssertion => glikson-2021-2021-esc-guidelines-on-cardiac-pacing-and-cardiac-resynchro_n0020/na_0048 deonticForce PERMISSIVE
Rule_983	?a type NormativeAssertion => ?a deonticForce PERMISSIVE	heidenreich-2022-aha-acc-hfsa-guidelines_n0039/na_0009 type NormativeAssertion => heidenreich-2022-aha-acc-hfsa-guidelines_n0039/na_0009 deonticForce PERMISSIVE
Rule_983	?a type NormativeAssertion => ?a deonticForce PERMISSIVE	heidenreich-2022-aha-acc-hfsa-guidelines_n0030/na_0005 type NormativeAssertion => heidenreich-2022-aha-acc-hfsa-guidelines_n0030/na_0005 deonticForce PERMISSIVE
Rule_983	?a type NormativeAssertion => ?a deonticForce PERMISSIVE	ambrosetti-2020-secondary-prevention-comprehensive-cardiovascular-rehabi_n0015/na_0010 type NormativeAssertion => ambrosetti-2020-secondary-prevention-comprehensive-cardiovascular-rehabi_n0015/na_0010 deonticForce PERMISSIVE
Rule_983	?a type NormativeAssertion => ?a deonticForce PERMISSIVE	sectio-1_n0022/na_0012 type NormativeAssertion => sectio-1_n0022/na_0012 deonticForce PERMISSIVE
Rule_983	?a type NormativeAssertion => ?a deonticForce PERMISSIVE	zeppenfeld-2022-esc-guidelines-va-and-scd_n0062/na_0004 type NormativeAssertion => zeppenfeld-2022-esc-guidelines-va-and-scd_n0062/na_0004 deonticForce PERMISSIVE
Rule_983	?a type NormativeAssertion => ?a deonticForce PERMISSIVE	heidenreich-2022-aha-acc-hfsa-guidelines_n0039/na_0012 type NormativeAssertion => heidenreich-2022-aha-acc-hfsa-guidelines_n0039/na_0012 deonticForce PERMISSIVE
Rule_983	?a type NormativeAssertion => ?a deonticForce PERMISSIVE	heidenreich-2022-aha-acc-hfsa-guidelines_n0069/na_0002 type NormativeAssertion => heidenreich-2022-aha-acc-hfsa-guidelines_n0069/na_0002 deonticForce PERMISSIVE
Rule_983	?a type NormativeAssertion => ?a deonticForce PERMISSIVE	lenarczyk-2024-management-of-patients-with-an-electrical-storm-or-cluste_n0018/na_0008 type NormativeAssertion => lenarczyk-2024-management-of-patients-with-an-electrical-storm-or-cluste_n0018/na_0008 deonticForce PERMISSIVE
Rule_983	?a type NormativeAssertion => ?a deonticForce PERMISSIVE	zeppenfeld-2022-esc-guidelines-va-and-scd_n0060/na_0007 type NormativeAssertion => zeppenfeld-2022-esc-guidelines-va-and-scd_n0060/na_0007 deonticForce PERMISSIVE
Rule_983	?a type NormativeAssertion => ?a deonticForce PERMISSIVE	al-khatib-2017-aha-acc-hrs-guideline-va-and-scd_n0063/na_0002 type NormativeAssertion => al-khatib-2017-aha-acc-hrs-guideline-va-and-scd_n0063/na_0002 deonticForce PERMISSIVE
Rule_983	?a type NormativeAssertion => ?a deonticForce PERMISSIVE	mcdonagh-2023-esc-guidelines_n0023/na_0013 type NormativeAssertion => mcdonagh-2023-esc-guidelines_n0023/na_0013 deonticForce PERMISSIVE
Rule_983	?a type NormativeAssertion => ?a deonticForce PERMISSIVE	zeppenfeld-2022-esc-guidelines-va-and-scd_n0018/na_0024 type NormativeAssertion => zeppenfeld-2022-esc-guidelines-va-and-scd_n0018/na_0024 deonticForce PERMISSIVE
Rule_983	?a type NormativeAssertion => ?a deonticForce PERMISSIVE	ambrosetti-2020-secondary-prevention-comprehensive-cardiovascular-rehabi_n0006/na_0043 type NormativeAssertion => ambrosetti-2020-secondary-prevention-comprehensive-cardiovascular-rehabi_n0006/na_0043 deonticForce PERMISSIVE
Rule_983	?a type NormativeAssertion => ?a deonticForce PERMISSIVE	sectio-1_n0012/na_0002 type NormativeAssertion => sectio-1_n0012/na_0002 deonticForce PERMISSIVE
Rule_983	?a type NormativeAssertion => ?a deonticForce PERMISSIVE	morris-2021-guidance-for-timely-and-appropriate-referral-of-patients-wit_n0002/na_0001 type NormativeAssertion => morris-2021-guidance-for-timely-and-appropriate-referral-of-patients-wit_n0002/na_0001 deonticForce PERMISSIVE
Rule_983	?a type NormativeAssertion => ?a deonticForce PERMISSIVE	heidenreich-2022-aha-acc-hfsa-guidelines_n0039/na_0024 type NormativeAssertion => heidenreich-2022-aha-acc-hfsa-guidelines_n0039/na_0024 deonticForce PERMISSIVE
Rule_983	?a type NormativeAssertion => ?a deonticForce PERMISSIVE	sectio-1_n0016/na_0019 type NormativeAssertion => sectio-1_n0016/na_0019 deonticForce PERMISSIVE
Rule_983	?a type NormativeAssertion => ?a deonticForce PERMISSIVE	glikson-2021-2021-esc-guidelines-on-cardiac-pacing-and-cardiac-resynchro_n0071/na_0006 type NormativeAssertion => glikson-2021-2021-esc-guidelines-on-cardiac-pacing-and-cardiac-resynchro_n0071/na_0006 deonticForce PERMISSIVE
Rule_983	?a type NormativeAssertion => ?a deonticForce PERMISSIVE	glikson-2021-2021-esc-guidelines-on-cardiac-pacing-and-cardiac-resynchro_n0020/na_0041 type NormativeAssertion => glikson-2021-2021-esc-guidelines-on-cardiac-pacing-and-cardiac-resynchro_n0020/na_0041 deonticForce PERMISSIVE
Rule_983	?a type NormativeAssertion => ?a deonticForce PERMISSIVE	lenarczyk-2024-management-of-patients-with-an-electrical-storm-or-cluste_n0010/na_0017 type NormativeAssertion => lenarczyk-2024-management-of-patients-with-an-electrical-storm-or-cluste_n0010/na_0017 deonticForce PERMISSIVE
Rule_983	?a type NormativeAssertion => ?a deonticForce PERMISSIVE	pedretti-2021-comprehensive-multicomponent-cardiac-rehabilitation-in-car_n0004/na_0005 type NormativeAssertion => pedretti-2021-comprehensive-multicomponent-cardiac-rehabilitation-in-car_n0004/na_0005 deonticForce PERMISSIVE
Rule_983	?a type NormativeAssertion => ?a deonticForce PERMISSIVE	ambrosetti-2020-secondary-prevention-comprehensive-cardiovascular-rehabi_n0015/na_0003 type NormativeAssertion => ambrosetti-2020-secondary-prevention-comprehensive-cardiovascular-rehabi_n0015/na_0003 deonticForce PERMISSIVE
Rule_983	?a type NormativeAssertion => ?a deonticForce PERMISSIVE	mcdonagh-2023-esc-guidelines_n0076/na_0003 type NormativeAssertion => mcdonagh-2023-esc-guidelines_n0076/na_0003 deonticForce PERMISSIVE
Rule_983	?a type NormativeAssertion => ?a deonticForce PERMISSIVE	page-2016-drugs-that-may-cause-or-exacerbate-heart-failure_n0001/na_0010 type NormativeAssertion => page-2016-drugs-that-may-cause-or-exacerbate-heart-failure_n0001/na_0010 deonticForce PERMISSIVE
Rule_983	?a type NormativeAssertion => ?a deonticForce PERMISSIVE	zeppenfeld-2022-esc-guidelines-va-and-scd_n0019/na_0033 type NormativeAssertion => zeppenfeld-2022-esc-guidelines-va-and-scd_n0019/na_0033 deonticForce PERMISSIVE
Rule_983	?a type NormativeAssertion => ?a deonticForce PERMISSIVE	cardiosmart-modul1-zusammengefugt_n0002/na_0008 type NormativeAssertion => cardiosmart-modul1-zusammengefugt_n0002/na_0008 deonticForce PERMISSIVE
Rule_983	?a type NormativeAssertion => ?a deonticForce PERMISSIVE	al-khatib-2017-aha-acc-hrs-guideline-va-and-scd_n0068/na_0002 type NormativeAssertion => al-khatib-2017-aha-acc-hrs-guideline-va-and-scd_n0068/na_0002 deonticForce PERMISSIVE
Rule_983	?a type NormativeAssertion => ?a deonticForce PERMISSIVE	zeppenfeld-2022-esc-guidelines-va-and-scd_n0058/na_0002 type NormativeAssertion => zeppenfeld-2022-esc-guidelines-va-and-scd_n0058/na_0002 deonticForce PERMISSIVE
Rule_983	?a type NormativeAssertion => ?a deonticForce PERMISSIVE	glikson-2021-2021-esc-guidelines-on-cardiac-pacing-and-cardiac-resynchro_n0020/na_0070 type NormativeAssertion => glikson-2021-2021-esc-guidelines-on-cardiac-pacing-and-cardiac-resynchro_n0020/na_0070 deonticForce PERMISSIVE
Rule_983	?a type NormativeAssertion => ?a deonticForce PERMISSIVE	zeppenfeld-2022-esc-guidelines-va-and-scd_n0019/na_0062 type NormativeAssertion => zeppenfeld-2022-esc-guidelines-va-and-scd_n0019/na_0062 deonticForce PERMISSIVE
Rule_983	?a type NormativeAssertion => ?a deonticForce PERMISSIVE	su_verified_6ed52cdf724db04223b4d1c2e62f3c35f6b42bc19bc5e3198277d681d47e1eb9_table_7/na_0008 type NormativeAssertion => su_verified_6ed52cdf724db04223b4d1c2e62f3c35f6b42bc19bc5e3198277d681d47e1eb9_table_7/na_0008 deonticForce PERMISSIVE
Rule_983	?a type NormativeAssertion => ?a deonticForce PERMISSIVE	sectio-1_n0030/na_0007 type NormativeAssertion => sectio-1_n0030/na_0007 deonticForce PERMISSIVE
Rule_983	?a type NormativeAssertion => ?a deonticForce PERMISSIVE	pelliccia-2020-2020-esc-guidelines-on-sports-cardiology-and-exercise-in_n0057/na_0003 type NormativeAssertion => pelliccia-2020-2020-esc-guidelines-on-sports-cardiology-and-exercise-in_n0057/na_0003 deonticForce PERMISSIVE
Rule_983	?a type NormativeAssertion => ?a deonticForce PERMISSIVE	ambrosetti-2020-secondary-prevention-comprehensive-cardiovascular-rehabi_n0003/na_0001 type NormativeAssertion => ambrosetti-2020-secondary-prevention-comprehensive-cardiovascular-rehabi_n0003/na_0001 deonticForce PERMISSIVE
Rule_983	?a type NormativeAssertion => ?a deonticForce PERMISSIVE	heidenreich-2022-aha-acc-hfsa-guidelines_n0039/na_0013 type NormativeAssertion => heidenreich-2022-aha-acc-hfsa-guidelines_n0039/na_0013 deonticForce PERMISSIVE
Rule_983	?a type NormativeAssertion => ?a deonticForce PERMISSIVE	heidenreich-2022-aha-acc-hfsa-guidelines_n0039/na_0028 type NormativeAssertion => heidenreich-2022-aha-acc-hfsa-guidelines_n0039/na_0028 deonticForce PERMISSIVE
Rule_983	?a type NormativeAssertion => ?a deonticForce PERMISSIVE	mcdonagh-2023-esc-guidelines_n0066/na_0002 type NormativeAssertion => mcdonagh-2023-esc-guidelines_n0066/na_0002 deonticForce PERMISSIVE
Rule_983	?a type NormativeAssertion => ?a deonticForce PERMISSIVE	sectio-1_n0016/na_0028 type NormativeAssertion => sectio-1_n0016/na_0028 deonticForce PERMISSIVE
Rule_983	?a type NormativeAssertion => ?a deonticForce PERMISSIVE	morris-2021-guidance-for-timely-and-appropriate-referral-of-patients-wit_n0002/na_0006 type NormativeAssertion => morris-2021-guidance-for-timely-and-appropriate-referral-of-patients-wit_n0002/na_0006 deonticForce PERMISSIVE
Rule_983	?a type NormativeAssertion => ?a deonticForce PERMISSIVE	ambrosetti-2020-secondary-prevention-comprehensive-cardiovascular-rehabi_n0016/na_0019 type NormativeAssertion => ambrosetti-2020-secondary-prevention-comprehensive-cardiovascular-rehabi_n0016/na_0019 deonticForce PERMISSIVE
Rule_983	?a type NormativeAssertion => ?a deonticForce PERMISSIVE	heidenreich-2022-aha-acc-hfsa-guidelines_n0108/na_0032 type NormativeAssertion => heidenreich-2022-aha-acc-hfsa-guidelines_n0108/na_0032 deonticForce PERMISSIVE
Rule_983	?a type NormativeAssertion => ?a deonticForce PERMISSIVE	al-khatib-2017-aha-acc-hrs-guideline-va-and-scd_n0032/na_0002 type NormativeAssertion => al-khatib-2017-aha-acc-hrs-guideline-va-and-scd_n0032/na_0002 deonticForce PERMISSIVE
Rule_983	?a type NormativeAssertion => ?a deonticForce PERMISSIVE	lenarczyk-2024-management-of-patients-with-an-electrical-storm-or-cluste_n0018/na_0004 type NormativeAssertion => lenarczyk-2024-management-of-patients-with-an-electrical-storm-or-cluste_n0018/na_0004 deonticForce PERMISSIVE
Rule_983	?a type NormativeAssertion => ?a deonticForce PERMISSIVE	al-khatib-2017-aha-acc-hrs-guideline-va-and-scd_n0038/na_0002 type NormativeAssertion => al-khatib-2017-aha-acc-hrs-guideline-va-and-scd_n0038/na_0002 deonticForce PERMISSIVE
Rule_983	?a type NormativeAssertion => ?a deonticForce PERMISSIVE	al-khatib-2017-aha-acc-hrs-guideline-va-and-scd_n0043/na_0007 type NormativeAssertion => al-khatib-2017-aha-acc-hrs-guideline-va-and-scd_n0043/na_0007 deonticForce PERMISSIVE
Rule_983	?a type NormativeAssertion => ?a deonticForce PERMISSIVE	al-khatib-2017-aha-acc-hrs-guideline-va-and-scd_n0043/na_0004 type NormativeAssertion => al-khatib-2017-aha-acc-hrs-guideline-va-and-scd_n0043/na_0004 deonticForce PERMISSIVE
Rule_983	?a type NormativeAssertion => ?a deonticForce PERMISSIVE	van-diepen-2017-contemporary-management-of-cardiogenic-shock_n0004/na_0005 type NormativeAssertion => van-diepen-2017-contemporary-management-of-cardiogenic-shock_n0004/na_0005 deonticForce PERMISSIVE
Rule_983	?a type NormativeAssertion => ?a deonticForce PERMISSIVE	heidenreich-2022-aha-acc-hfsa-guidelines_n0039/na_0022 type NormativeAssertion => heidenreich-2022-aha-acc-hfsa-guidelines_n0039/na_0022 deonticForce PERMISSIVE
Rule_983	?a type NormativeAssertion => ?a deonticForce PERMISSIVE	execut-1_n0041/na_0005 type NormativeAssertion => execut-1_n0041/na_0005 deonticForce PERMISSIVE
Rule_983	?a type NormativeAssertion => ?a deonticForce PERMISSIVE	lenarczyk-2024-management-of-patients-with-an-electrical-storm-or-cluste_n0017/na_0003 type NormativeAssertion => lenarczyk-2024-management-of-patients-with-an-electrical-storm-or-cluste_n0017/na_0003 deonticForce PERMISSIVE
Rule_983	?a type NormativeAssertion => ?a deonticForce PERMISSIVE	heidenreich-2022-aha-acc-hfsa-guidelines_n0039/na_0007 type NormativeAssertion => heidenreich-2022-aha-acc-hfsa-guidelines_n0039/na_0007 deonticForce PERMISSIVE
Rule_983	?a type NormativeAssertion => ?a deonticForce PERMISSIVE	zeppenfeld-2022-esc-guidelines-va-and-scd_n0081/na_0011 type NormativeAssertion => zeppenfeld-2022-esc-guidelines-va-and-scd_n0081/na_0011 deonticForce PERMISSIVE
Rule_983	?a type NormativeAssertion => ?a deonticForce PERMISSIVE	heidenreich-2022-aha-acc-hfsa-guidelines_n0043/na_0002 type NormativeAssertion => heidenreich-2022-aha-acc-hfsa-guidelines_n0043/na_0002 deonticForce PERMISSIVE
Rule_983	?a type NormativeAssertion => ?a deonticForce PERMISSIVE	glikson-2021-2021-esc-guidelines-on-cardiac-pacing-and-cardiac-resynchro_n0064/na_0002 type NormativeAssertion => glikson-2021-2021-esc-guidelines-on-cardiac-pacing-and-cardiac-resynchro_n0064/na_0002 deonticForce PERMISSIVE
Rule_983	?a type NormativeAssertion => ?a deonticForce PERMISSIVE	wilkoff-2008-hrs-ehra-expert-consenus-on-the-monitoring-of-cieds_n0005/na_0016 type NormativeAssertion => wilkoff-2008-hrs-ehra-expert-consenus-on-the-monitoring-of-cieds_n0005/na_0016 deonticForce PERMISSIVE
Rule_983	?a type NormativeAssertion => ?a deonticForce PERMISSIVE	sectio-1_n0016/na_0032 type NormativeAssertion => sectio-1_n0016/na_0032 deonticForce PERMISSIVE
Rule_983	?a type NormativeAssertion => ?a deonticForce PERMISSIVE	zeppenfeld-2022-esc-guidelines-va-and-scd_n0072/na_0003 type NormativeAssertion => zeppenfeld-2022-esc-guidelines-va-and-scd_n0072/na_0003 deonticForce PERMISSIVE
Rule_983	?a type NormativeAssertion => ?a deonticForce PERMISSIVE	zeppenfeld-2022-esc-guidelines-va-and-scd_n0063/na_0009 type NormativeAssertion => zeppenfeld-2022-esc-guidelines-va-and-scd_n0063/na_0009 deonticForce PERMISSIVE
Rule_983	?a type NormativeAssertion => ?a deonticForce PERMISSIVE	zeppenfeld-2022-esc-guidelines-va-and-scd_n0057/na_0007 type NormativeAssertion => zeppenfeld-2022-esc-guidelines-va-and-scd_n0057/na_0007 deonticForce PERMISSIVE
Rule_983	?a type NormativeAssertion => ?a deonticForce PERMISSIVE	execut-1_n0049/na_0008 type NormativeAssertion => execut-1_n0049/na_0008 deonticForce PERMISSIVE
Rule_983	?a type NormativeAssertion => ?a deonticForce PERMISSIVE	glikson-2021-2021-esc-guidelines-on-cardiac-pacing-and-cardiac-resynchro_n0035/na_0002 type NormativeAssertion => glikson-2021-2021-esc-guidelines-on-cardiac-pacing-and-cardiac-resynchro_n0035/na_0002 deonticForce PERMISSIVE
Rule_983	?a type NormativeAssertion => ?a deonticForce PERMISSIVE	heidenreich-2022-aha-acc-hfsa-guidelines_n0039/na_0010 type NormativeAssertion => heidenreich-2022-aha-acc-hfsa-guidelines_n0039/na_0010 deonticForce PERMISSIVE
Rule_983	?a type NormativeAssertion => ?a deonticForce PERMISSIVE	sectio-1_n0016/na_0023 type NormativeAssertion => sectio-1_n0016/na_0023 deonticForce PERMISSIVE
Rule_983	?a type NormativeAssertion => ?a deonticForce PERMISSIVE	mcdonagh-2023-esc-guidelines_n0024/na_0006 type NormativeAssertion => mcdonagh-2023-esc-guidelines_n0024/na_0006 deonticForce PERMISSIVE
Rule_983	?a type NormativeAssertion => ?a deonticForce PERMISSIVE	rest-m3-websiten-zusammengefugt_n0002/na_0005 type NormativeAssertion => rest-m3-websiten-zusammengefugt_n0002/na_0005 deonticForce PERMISSIVE
Rule_983	?a type NormativeAssertion => ?a deonticForce PERMISSIVE	sectio-1_n0018/na_0003 type NormativeAssertion => sectio-1_n0018/na_0003 deonticForce PERMISSIVE
Rule_983	?a type NormativeAssertion => ?a deonticForce PERMISSIVE	mcdonagh-2023-esc-guidelines_n0074/na_0007 type NormativeAssertion => mcdonagh-2023-esc-guidelines_n0074/na_0007 deonticForce PERMISSIVE
Rule_983	?a type NormativeAssertion => ?a deonticForce PERMISSIVE	zeppenfeld-2022-esc-guidelines-va-and-scd_n0055/na_0004 type NormativeAssertion => zeppenfeld-2022-esc-guidelines-va-and-scd_n0055/na_0004 deonticForce PERMISSIVE
Rule_983	?a type NormativeAssertion => ?a deonticForce PERMISSIVE	sectio-1_n0023/na_0001 type NormativeAssertion => sectio-1_n0023/na_0001 deonticForce PERMISSIVE
Rule_983	?a type NormativeAssertion => ?a deonticForce PERMISSIVE	execut-1_n0048/na_0015 type NormativeAssertion => execut-1_n0048/na_0015 deonticForce PERMISSIVE
Rule_983	?a type NormativeAssertion => ?a deonticForce PERMISSIVE	mcdonagh-2023-esc-guidelines_n0055/na_0059 type NormativeAssertion => mcdonagh-2023-esc-guidelines_n0055/na_0059 deonticForce PERMISSIVE
Rule_983	?a type NormativeAssertion => ?a deonticForce PERMISSIVE	zeppenfeld-2022-esc-guidelines-va-and-scd_n0062/na_0009 type NormativeAssertion => zeppenfeld-2022-esc-guidelines-va-and-scd_n0062/na_0009 deonticForce PERMISSIVE
Rule_983	?a type NormativeAssertion => ?a deonticForce PERMISSIVE	visseren-2021-esc-guidelines-cardiovascular-disease-prevention_n0068/na_0001 type NormativeAssertion => visseren-2021-esc-guidelines-cardiovascular-disease-prevention_n0068/na_0001 deonticForce PERMISSIVE
Rule_983	?a type NormativeAssertion => ?a deonticForce PERMISSIVE	glikson-2021-2021-esc-guidelines-on-cardiac-pacing-and-cardiac-resynchro_n0020/na_0054 type NormativeAssertion => glikson-2021-2021-esc-guidelines-on-cardiac-pacing-and-cardiac-resynchro_n0020/na_0054 deonticForce PERMISSIVE
Rule_983	?a type NormativeAssertion => ?a deonticForce PERMISSIVE	zeppenfeld-2022-esc-guidelines-va-and-scd_n0022/na_0014 type NormativeAssertion => zeppenfeld-2022-esc-guidelines-va-and-scd_n0022/na_0014 deonticForce PERMISSIVE
Rule_983	?a type NormativeAssertion => ?a deonticForce PERMISSIVE	sectio-1_n0017/na_0019 type NormativeAssertion => sectio-1_n0017/na_0019 deonticForce PERMISSIVE
Rule_983	?a type NormativeAssertion => ?a deonticForce PERMISSIVE	mcdonagh-2023-esc-guidelines_n0020/na_0002 type NormativeAssertion => mcdonagh-2023-esc-guidelines_n0020/na_0002 deonticForce PERMISSIVE
Rule_983	?a type NormativeAssertion => ?a deonticForce PERMISSIVE	al-khatib-2017-aha-acc-hrs-guideline-va-and-scd_n0046/na_0003 type NormativeAssertion => al-khatib-2017-aha-acc-hrs-guideline-va-and-scd_n0046/na_0003 deonticForce PERMISSIVE
Rule_983	?a type NormativeAssertion => ?a deonticForce PERMISSIVE	mcdonagh-2023-esc-guidelines_n0048/na_0002 type NormativeAssertion => mcdonagh-2023-esc-guidelines_n0048/na_0002 deonticForce PERMISSIVE
Rule_983	?a type NormativeAssertion => ?a deonticForce PERMISSIVE	glikson-2021-2021-esc-guidelines-on-cardiac-pacing-and-cardiac-resynchro_n0020/na_0036 type NormativeAssertion => glikson-2021-2021-esc-guidelines-on-cardiac-pacing-and-cardiac-resynchro_n0020/na_0036 deonticForce PERMISSIVE
Rule_983	?a type NormativeAssertion => ?a deonticForce PERMISSIVE	execut-1_n0029/na_0010 type NormativeAssertion => execut-1_n0029/na_0010 deonticForce PERMISSIVE
Rule_983	?a type NormativeAssertion => ?a deonticForce PERMISSIVE	al-khatib-2017-aha-acc-hrs-guideline-va-and-scd_n0043/na_0009 type NormativeAssertion => al-khatib-2017-aha-acc-hrs-guideline-va-and-scd_n0043/na_0009 deonticForce PERMISSIVE
Rule_983	?a type NormativeAssertion => ?a deonticForce PERMISSIVE	ambrosetti-2020-secondary-prevention-comprehensive-cardiovascular-rehabi_n0001/na_0036 type NormativeAssertion => ambrosetti-2020-secondary-prevention-comprehensive-cardiovascular-rehabi_n0001/na_0036 deonticForce PERMISSIVE
Rule_983	?a type NormativeAssertion => ?a deonticForce PERMISSIVE	glikson-2021-2021-esc-guidelines-on-cardiac-pacing-and-cardiac-resynchro_n0020/na_0057 type NormativeAssertion => glikson-2021-2021-esc-guidelines-on-cardiac-pacing-and-cardiac-resynchro_n0020/na_0057 deonticForce PERMISSIVE
Rule_983	?a type NormativeAssertion => ?a deonticForce PERMISSIVE	zeppenfeld-2022-esc-guidelines-va-and-scd_n0019/na_0046 type NormativeAssertion => zeppenfeld-2022-esc-guidelines-va-and-scd_n0019/na_0046 deonticForce PERMISSIVE
Rule_983	?a type NormativeAssertion => ?a deonticForce PERMISSIVE	sectio-1_n0007/na_0008 type NormativeAssertion => sectio-1_n0007/na_0008 deonticForce PERMISSIVE
Rule_983	?a type NormativeAssertion => ?a deonticForce PERMISSIVE	execut-1_n0043/na_0019 type NormativeAssertion => execut-1_n0043/na_0019 deonticForce PERMISSIVE
Rule_983	?a type NormativeAssertion => ?a deonticForce PERMISSIVE	su_verified_6ed52cdf724db04223b4d1c2e62f3c35f6b42bc19bc5e3198277d681d47e1eb9_table_7/na_0028 type NormativeAssertion => su_verified_6ed52cdf724db04223b4d1c2e62f3c35f6b42bc19bc5e3198277d681d47e1eb9_table_7/na_0028 deonticForce PERMISSIVE
Rule_983	?a type NormativeAssertion => ?a deonticForce PERMISSIVE	van-diepen-2017-contemporary-management-of-cardiogenic-shock_n0008/na_0026 type NormativeAssertion => van-diepen-2017-contemporary-management-of-cardiogenic-shock_n0008/na_0026 deonticForce PERMISSIVE
Rule_983	?a type NormativeAssertion => ?a deonticForce PERMISSIVE	sectio-1_n0018/na_0004 type NormativeAssertion => sectio-1_n0018/na_0004 deonticForce PERMISSIVE
Rule_983	?a type NormativeAssertion => ?a deonticForce PERMISSIVE	mcdonagh-2023-esc-guidelines_n0021/na_0002 type NormativeAssertion => mcdonagh-2023-esc-guidelines_n0021/na_0002 deonticForce PERMISSIVE
Rule_983	?a type NormativeAssertion => ?a deonticForce PERMISSIVE	ambrosetti-2020-secondary-prevention-comprehensive-cardiovascular-rehabi_n0007/na_0030 type NormativeAssertion => ambrosetti-2020-secondary-prevention-comprehensive-cardiovascular-rehabi_n0007/na_0030 deonticForce PERMISSIVE
Rule_983	?a type NormativeAssertion => ?a deonticForce PERMISSIVE	glikson-2021-2021-esc-guidelines-on-cardiac-pacing-and-cardiac-resynchro_n0061/na_0009 type NormativeAssertion => glikson-2021-2021-esc-guidelines-on-cardiac-pacing-and-cardiac-resynchro_n0061/na_0009 deonticForce PERMISSIVE
Rule_983	?a type NormativeAssertion => ?a deonticForce PERMISSIVE	execut-1_n0049/na_0005 type NormativeAssertion => execut-1_n0049/na_0005 deonticForce PERMISSIVE
Rule_983	?a type NormativeAssertion => ?a deonticForce PERMISSIVE	glikson-2021-2021-esc-guidelines-on-cardiac-pacing-and-cardiac-resynchro_n0051/na_0004 type NormativeAssertion => glikson-2021-2021-esc-guidelines-on-cardiac-pacing-and-cardiac-resynchro_n0051/na_0004 deonticForce PERMISSIVE
Rule_983	?a type NormativeAssertion => ?a deonticForce PERMISSIVE	zeppenfeld-2022-esc-guidelines-va-and-scd_n0022/na_0003 type NormativeAssertion => zeppenfeld-2022-esc-guidelines-va-and-scd_n0022/na_0003 deonticForce PERMISSIVE
Rule_983	?a type NormativeAssertion => ?a deonticForce PERMISSIVE	zeppenfeld-2022-esc-guidelines-va-and-scd_n0074/na_0005 type NormativeAssertion => zeppenfeld-2022-esc-guidelines-va-and-scd_n0074/na_0005 deonticForce PERMISSIVE
Rule_983	?a type NormativeAssertion => ?a deonticForce PERMISSIVE	zeppenfeld-2022-esc-guidelines-va-and-scd_n0079/na_0005 type NormativeAssertion => zeppenfeld-2022-esc-guidelines-va-and-scd_n0079/na_0005 deonticForce PERMISSIVE
Rule_983	?a type NormativeAssertion => ?a deonticForce PERMISSIVE	glikson-2021-2021-esc-guidelines-on-cardiac-pacing-and-cardiac-resynchro_n0020/na_0065 type NormativeAssertion => glikson-2021-2021-esc-guidelines-on-cardiac-pacing-and-cardiac-resynchro_n0020/na_0065 deonticForce PERMISSIVE
Rule_983	?a type NormativeAssertion => ?a deonticForce PERMISSIVE	page-2016-drugs-that-may-cause-or-exacerbate-heart-failure_n0001/na_0005 type NormativeAssertion => page-2016-drugs-that-may-cause-or-exacerbate-heart-failure_n0001/na_0005 deonticForce PERMISSIVE
Rule_983	?a type NormativeAssertion => ?a deonticForce PERMISSIVE	heidenreich-2022-aha-acc-hfsa-guidelines_n0035/na_0007 type NormativeAssertion => heidenreich-2022-aha-acc-hfsa-guidelines_n0035/na_0007 deonticForce PERMISSIVE
Rule_983	?a type NormativeAssertion => ?a deonticForce PERMISSIVE	execut-1_n0032/na_0020 type NormativeAssertion => execut-1_n0032/na_0020 deonticForce PERMISSIVE
Rule_983	?a type NormativeAssertion => ?a deonticForce PERMISSIVE	execut-1_n0043/na_0023 type NormativeAssertion => execut-1_n0043/na_0023 deonticForce PERMISSIVE
Rule_983	?a type NormativeAssertion => ?a deonticForce PERMISSIVE	su_verified_6ed52cdf724db04223b4d1c2e62f3c35f6b42bc19bc5e3198277d681d47e1eb9_table_7/na_0007 type NormativeAssertion => su_verified_6ed52cdf724db04223b4d1c2e62f3c35f6b42bc19bc5e3198277d681d47e1eb9_table_7/na_0007 deonticForce PERMISSIVE
Rule_983	?a type NormativeAssertion => ?a deonticForce PERMISSIVE	mcdonagh-2023-esc-guidelines_n0072/na_0002 type NormativeAssertion => mcdonagh-2023-esc-guidelines_n0072/na_0002 deonticForce PERMISSIVE
Rule_983	?a type NormativeAssertion => ?a deonticForce PERMISSIVE	heidenreich-2022-aha-acc-hfsa-guidelines_n0039/na_0003 type NormativeAssertion => heidenreich-2022-aha-acc-hfsa-guidelines_n0039/na_0003 deonticForce PERMISSIVE
Rule_983	?a type NormativeAssertion => ?a deonticForce PERMISSIVE	glikson-2021-2021-esc-guidelines-on-cardiac-pacing-and-cardiac-resynchro_n0057/na_0101 type NormativeAssertion => glikson-2021-2021-esc-guidelines-on-cardiac-pacing-and-cardiac-resynchro_n0057/na_0101 deonticForce PERMISSIVE
Rule_983	?a type NormativeAssertion => ?a deonticForce PERMISSIVE	execut-1_n0035/na_0003 type NormativeAssertion => execut-1_n0035/na_0003 deonticForce PERMISSIVE
Rule_983	?a type NormativeAssertion => ?a deonticForce PERMISSIVE	mcdonagh-2023-esc-guidelines_n0057/na_0001 type NormativeAssertion => mcdonagh-2023-esc-guidelines_n0057/na_0001 deonticForce PERMISSIVE
Rule_983	?a type NormativeAssertion => ?a deonticForce PERMISSIVE	regitz-zagrosek-2018-2018-esc-guideline-for-the-management-of-cardiovasc_n0013/na_0006 type NormativeAssertion => regitz-zagrosek-2018-2018-esc-guideline-for-the-management-of-cardiovasc_n0013/na_0006 deonticForce PERMISSIVE
Rule_983	?a type NormativeAssertion => ?a deonticForce PERMISSIVE	al-khatib-2017-aha-acc-hrs-guideline-va-and-scd_n0043/na_0006 type NormativeAssertion => al-khatib-2017-aha-acc-hrs-guideline-va-and-scd_n0043/na_0006 deonticForce PERMISSIVE
Rule_983	?a type NormativeAssertion => ?a deonticForce PERMISSIVE	page-2016-drugs-that-may-cause-or-exacerbate-heart-failure_n0001/na_0003 type NormativeAssertion => page-2016-drugs-that-may-cause-or-exacerbate-heart-failure_n0001/na_0003 deonticForce PERMISSIVE
Rule_983	?a type NormativeAssertion => ?a deonticForce PERMISSIVE	glikson-2021-2021-esc-guidelines-on-cardiac-pacing-and-cardiac-resynchro_n0020/na_0053 type NormativeAssertion => glikson-2021-2021-esc-guidelines-on-cardiac-pacing-and-cardiac-resynchro_n0020/na_0053 deonticForce PERMISSIVE
Rule_983	?a type NormativeAssertion => ?a deonticForce PERMISSIVE	al-khatib-2017-aha-acc-hrs-guideline-va-and-scd_n0046/na_0004 type NormativeAssertion => al-khatib-2017-aha-acc-hrs-guideline-va-and-scd_n0046/na_0004 deonticForce PERMISSIVE
Rule_983	?a type NormativeAssertion => ?a deonticForce PERMISSIVE	glikson-2021-2021-esc-guidelines-on-cardiac-pacing-and-cardiac-resynchro_n0020/na_0015 type NormativeAssertion => glikson-2021-2021-esc-guidelines-on-cardiac-pacing-and-cardiac-resynchro_n0020/na_0015 deonticForce PERMISSIVE
Rule_983	?a type NormativeAssertion => ?a deonticForce PERMISSIVE	glikson-2021-2021-esc-guidelines-on-cardiac-pacing-and-cardiac-resynchro_n0020/na_0030 type NormativeAssertion => glikson-2021-2021-esc-guidelines-on-cardiac-pacing-and-cardiac-resynchro_n0020/na_0030 deonticForce PERMISSIVE
Rule_983	?a type NormativeAssertion => ?a deonticForce PERMISSIVE	glikson-2021-2021-esc-guidelines-on-cardiac-pacing-and-cardiac-resynchro_n0020/na_0009 type NormativeAssertion => glikson-2021-2021-esc-guidelines-on-cardiac-pacing-and-cardiac-resynchro_n0020/na_0009 deonticForce PERMISSIVE
Rule_983	?a type NormativeAssertion => ?a deonticForce PERMISSIVE	zeppenfeld-2022-esc-guidelines-va-and-scd_n0020/na_0014 type NormativeAssertion => zeppenfeld-2022-esc-guidelines-va-and-scd_n0020/na_0014 deonticForce PERMISSIVE
Rule_983	?a type NormativeAssertion => ?a deonticForce PERMISSIVE	glikson-2021-2021-esc-guidelines-on-cardiac-pacing-and-cardiac-resynchro_n0020/na_0081 type NormativeAssertion => glikson-2021-2021-esc-guidelines-on-cardiac-pacing-and-cardiac-resynchro_n0020/na_0081 deonticForce PERMISSIVE
Rule_983	?a type NormativeAssertion => ?a deonticForce PERMISSIVE	heidenreich-2022-aha-acc-hfsa-guidelines_n0108/na_0036 type NormativeAssertion => heidenreich-2022-aha-acc-hfsa-guidelines_n0108/na_0036 deonticForce PERMISSIVE
Rule_983	?a type NormativeAssertion => ?a deonticForce PERMISSIVE	zeppenfeld-2022-esc-guidelines-va-and-scd_n0019/na_0005 type NormativeAssertion => zeppenfeld-2022-esc-guidelines-va-and-scd_n0019/na_0005 deonticForce PERMISSIVE
Rule_983	?a type NormativeAssertion => ?a deonticForce PERMISSIVE	al-khatib-2017-aha-acc-hrs-guideline-va-and-scd_n0041/na_0002 type NormativeAssertion => al-khatib-2017-aha-acc-hrs-guideline-va-and-scd_n0041/na_0002 deonticForce PERMISSIVE
Rule_983	?a type NormativeAssertion => ?a deonticForce PERMISSIVE	zeppenfeld-2022-esc-guidelines-va-and-scd_n0032/na_0009 type NormativeAssertion => zeppenfeld-2022-esc-guidelines-va-and-scd_n0032/na_0009 deonticForce PERMISSIVE
Rule_983	?a type NormativeAssertion => ?a deonticForce PERMISSIVE	zeppenfeld-2022-esc-guidelines-va-and-scd_n0074/na_0002 type NormativeAssertion => zeppenfeld-2022-esc-guidelines-va-and-scd_n0074/na_0002 deonticForce PERMISSIVE
Rule_983	?a type NormativeAssertion => ?a deonticForce PERMISSIVE	execut-1_n0043/na_0025 type NormativeAssertion => execut-1_n0043/na_0025 deonticForce PERMISSIVE
Rule_983	?a type NormativeAssertion => ?a deonticForce PERMISSIVE	sectio-1_n0030/na_0004 type NormativeAssertion => sectio-1_n0030/na_0004 deonticForce PERMISSIVE
Rule_983	?a type NormativeAssertion => ?a deonticForce PERMISSIVE	su_verified_6ed52cdf724db04223b4d1c2e62f3c35f6b42bc19bc5e3198277d681d47e1eb9_table_24/na_0003 type NormativeAssertion => su_verified_6ed52cdf724db04223b4d1c2e62f3c35f6b42bc19bc5e3198277d681d47e1eb9_table_24/na_0003 deonticForce PERMISSIVE
Rule_983	?a type NormativeAssertion => ?a deonticForce PERMISSIVE	mcdonagh-2023-esc-guidelines_n0085/na_0003 type NormativeAssertion => mcdonagh-2023-esc-guidelines_n0085/na_0003 deonticForce PERMISSIVE
Rule_983	?a type NormativeAssertion => ?a deonticForce PERMISSIVE	zeppenfeld-2022-esc-guidelines-va-and-scd_n0056/na_0021 type NormativeAssertion => zeppenfeld-2022-esc-guidelines-va-and-scd_n0056/na_0021 deonticForce PERMISSIVE
Rule_983	?a type NormativeAssertion => ?a deonticForce PERMISSIVE	al-khatib-2017-aha-acc-hrs-guideline-va-and-scd_n0058/na_0007 type NormativeAssertion => al-khatib-2017-aha-acc-hrs-guideline-va-and-scd_n0058/na_0007 deonticForce PERMISSIVE
Rule_983	?a type NormativeAssertion => ?a deonticForce PERMISSIVE	zeppenfeld-2022-esc-guidelines-va-and-scd_n0021/na_0017 type NormativeAssertion => zeppenfeld-2022-esc-guidelines-va-and-scd_n0021/na_0017 deonticForce PERMISSIVE
Rule_983	?a type NormativeAssertion => ?a deonticForce PERMISSIVE	ambrosetti-2020-secondary-prevention-comprehensive-cardiovascular-rehabi_n0014/na_0022 type NormativeAssertion => ambrosetti-2020-secondary-prevention-comprehensive-cardiovascular-rehabi_n0014/na_0022 deonticForce PERMISSIVE
Rule_983	?a type NormativeAssertion => ?a deonticForce PERMISSIVE	al-khatib-2017-aha-acc-hrs-guideline-va-and-scd_n0051/na_0004 type NormativeAssertion => al-khatib-2017-aha-acc-hrs-guideline-va-and-scd_n0051/na_0004 deonticForce PERMISSIVE
Rule_983	?a type NormativeAssertion => ?a deonticForce PERMISSIVE	regitz-zagrosek-2018-2018-esc-guideline-for-the-management-of-cardiovasc_n0016/na_0017 type NormativeAssertion => regitz-zagrosek-2018-2018-esc-guideline-for-the-management-of-cardiovasc_n0016/na_0017 deonticForce PERMISSIVE
Rule_983	?a type NormativeAssertion => ?a deonticForce PERMISSIVE	zeppenfeld-2022-esc-guidelines-va-and-scd_n0022/na_0023 type NormativeAssertion => zeppenfeld-2022-esc-guidelines-va-and-scd_n0022/na_0023 deonticForce PERMISSIVE
Rule_983	?a type NormativeAssertion => ?a deonticForce PERMISSIVE	al-khatib-2017-aha-acc-hrs-guideline-va-and-scd_n0037/na_0001 type NormativeAssertion => al-khatib-2017-aha-acc-hrs-guideline-va-and-scd_n0037/na_0001 deonticForce PERMISSIVE
Rule_983	?a type NormativeAssertion => ?a deonticForce PERMISSIVE	execut-1_n0044/na_0022 type NormativeAssertion => execut-1_n0044/na_0022 deonticForce PERMISSIVE
Rule_983	?a type NormativeAssertion => ?a deonticForce PERMISSIVE	pelliccia-2020-2020-esc-guidelines-on-sports-cardiology-and-exercise-in_n0040/na_0007 type NormativeAssertion => pelliccia-2020-2020-esc-guidelines-on-sports-cardiology-and-exercise-in_n0040/na_0007 deonticForce PERMISSIVE
Rule_983	?a type NormativeAssertion => ?a deonticForce PERMISSIVE	glikson-2021-2021-esc-guidelines-on-cardiac-pacing-and-cardiac-resynchro_n0020/na_0026 type NormativeAssertion => glikson-2021-2021-esc-guidelines-on-cardiac-pacing-and-cardiac-resynchro_n0020/na_0026 deonticForce PERMISSIVE
Rule_983	?a type NormativeAssertion => ?a deonticForce PERMISSIVE	al-khatib-2017-aha-acc-hrs-guideline-va-and-scd_n0034/na_0003 type NormativeAssertion => al-khatib-2017-aha-acc-hrs-guideline-va-and-scd_n0034/na_0003 deonticForce PERMISSIVE
Rule_983	?a type NormativeAssertion => ?a deonticForce PERMISSIVE	mcdonagh-2023-esc-guidelines_n0075/na_0005 type NormativeAssertion => mcdonagh-2023-esc-guidelines_n0075/na_0005 deonticForce PERMISSIVE
Rule_983	?a type NormativeAssertion => ?a deonticForce PERMISSIVE	al-khatib-2017-aha-acc-hrs-guideline-va-and-scd_n0044/na_0005 type NormativeAssertion => al-khatib-2017-aha-acc-hrs-guideline-va-and-scd_n0044/na_0005 deonticForce PERMISSIVE
Rule_983	?a type NormativeAssertion => ?a deonticForce PERMISSIVE	al-khatib-2017-aha-acc-hrs-guideline-va-and-scd_n0066/na_0001 type NormativeAssertion => al-khatib-2017-aha-acc-hrs-guideline-va-and-scd_n0066/na_0001 deonticForce PERMISSIVE
Rule_983	?a type NormativeAssertion => ?a deonticForce PERMISSIVE	glikson-2021-2021-esc-guidelines-on-cardiac-pacing-and-cardiac-resynchro_n0020/na_0020 type NormativeAssertion => glikson-2021-2021-esc-guidelines-on-cardiac-pacing-and-cardiac-resynchro_n0020/na_0020 deonticForce PERMISSIVE
Rule_983	?a type NormativeAssertion => ?a deonticForce PERMISSIVE	pelliccia-2020-2020-esc-guidelines-on-sports-cardiology-and-exercise-in_n0043/na_0004 type NormativeAssertion => pelliccia-2020-2020-esc-guidelines-on-sports-cardiology-and-exercise-in_n0043/na_0004 deonticForce PERMISSIVE
Rule_983	?a type NormativeAssertion => ?a deonticForce PERMISSIVE	glikson-2021-2021-esc-guidelines-on-cardiac-pacing-and-cardiac-resynchro_n0028/na_0001 type NormativeAssertion => glikson-2021-2021-esc-guidelines-on-cardiac-pacing-and-cardiac-resynchro_n0028/na_0001 deonticForce PERMISSIVE
Rule_983	?a type NormativeAssertion => ?a deonticForce PERMISSIVE	heidenreich-2022-aha-acc-hfsa-guidelines_n0065/na_0006 type NormativeAssertion => heidenreich-2022-aha-acc-hfsa-guidelines_n0065/na_0006 deonticForce PERMISSIVE
Rule_983	?a type NormativeAssertion => ?a deonticForce PERMISSIVE	visseren-2021-esc-guidelines-cardiovascular-disease-prevention_n0010/na_0041 type NormativeAssertion => visseren-2021-esc-guidelines-cardiovascular-disease-prevention_n0010/na_0041 deonticForce PERMISSIVE
Rule_983	?a type NormativeAssertion => ?a deonticForce PERMISSIVE	mcdonagh-2023-esc-guidelines_n0094/na_0012 type NormativeAssertion => mcdonagh-2023-esc-guidelines_n0094/na_0012 deonticForce PERMISSIVE
Rule_983	?a type NormativeAssertion => ?a deonticForce PERMISSIVE	glikson-2021-2021-esc-guidelines-on-cardiac-pacing-and-cardiac-resynchro_n0020/na_0062 type NormativeAssertion => glikson-2021-2021-esc-guidelines-on-cardiac-pacing-and-cardiac-resynchro_n0020/na_0062 deonticForce PERMISSIVE
Rule_983	?a type NormativeAssertion => ?a deonticForce PERMISSIVE	glikson-2021-2021-esc-guidelines-on-cardiac-pacing-and-cardiac-resynchro_n0023/na_0007 type NormativeAssertion => glikson-2021-2021-esc-guidelines-on-cardiac-pacing-and-cardiac-resynchro_n0023/na_0007 deonticForce PERMISSIVE
Rule_983	?a type NormativeAssertion => ?a deonticForce PERMISSIVE	mcdonagh-2023-esc-guidelines_n0048/na_0003 type NormativeAssertion => mcdonagh-2023-esc-guidelines_n0048/na_0003 deonticForce PERMISSIVE
Rule_983	?a type NormativeAssertion => ?a deonticForce PERMISSIVE	tsutsui-2023-natriuretic-peptides-role-in-the-diagnosis-and-management-o_n0001/na_0005 type NormativeAssertion => tsutsui-2023-natriuretic-peptides-role-in-the-diagnosis-and-management-o_n0001/na_0005 deonticForce PERMISSIVE
Rule_983	?a type NormativeAssertion => ?a deonticForce PERMISSIVE	mcdonagh-2023-esc-guidelines_n0071/na_0002 type NormativeAssertion => mcdonagh-2023-esc-guidelines_n0071/na_0002 deonticForce PERMISSIVE
Rule_983	?a type NormativeAssertion => ?a deonticForce PERMISSIVE	glikson-2021-2021-esc-guidelines-on-cardiac-pacing-and-cardiac-resynchro_n0046/na_0007 type NormativeAssertion => glikson-2021-2021-esc-guidelines-on-cardiac-pacing-and-cardiac-resynchro_n0046/na_0007 deonticForce PERMISSIVE
Rule_983	?a type NormativeAssertion => ?a deonticForce PERMISSIVE	heidenreich-2022-aha-acc-hfsa-guidelines_n0091/na_0005 type NormativeAssertion => heidenreich-2022-aha-acc-hfsa-guidelines_n0091/na_0005 deonticForce PERMISSIVE
Rule_983	?a type NormativeAssertion => ?a deonticForce PERMISSIVE	zeppenfeld-2022-esc-guidelines-va-and-scd_n0061/na_0006 type NormativeAssertion => zeppenfeld-2022-esc-guidelines-va-and-scd_n0061/na_0006 deonticForce PERMISSIVE
Rule_983	?a type NormativeAssertion => ?a deonticForce PERMISSIVE	glikson-2021-2021-esc-guidelines-on-cardiac-pacing-and-cardiac-resynchro_n0023/na_0005 type NormativeAssertion => glikson-2021-2021-esc-guidelines-on-cardiac-pacing-and-cardiac-resynchro_n0023/na_0005 deonticForce PERMISSIVE
Rule_983	?a type NormativeAssertion => ?a deonticForce PERMISSIVE	visseren-2021-esc-guidelines-cardiovascular-disease-prevention_n0010/na_0043 type NormativeAssertion => visseren-2021-esc-guidelines-cardiovascular-disease-prevention_n0010/na_0043 deonticForce PERMISSIVE
Rule_983	?a type NormativeAssertion => ?a deonticForce PERMISSIVE	visseren-2021-esc-guidelines-cardiovascular-disease-prevention_n0074/na_0010 type NormativeAssertion => visseren-2021-esc-guidelines-cardiovascular-disease-prevention_n0074/na_0010 deonticForce PERMISSIVE
Rule_983	?a type NormativeAssertion => ?a deonticForce PERMISSIVE	execut-1_n0032/na_0022 type NormativeAssertion => execut-1_n0032/na_0022 deonticForce PERMISSIVE
Rule_983	?a type NormativeAssertion => ?a deonticForce PERMISSIVE	mcdonagh-2023-esc-guidelines_n0048/na_0005 type NormativeAssertion => mcdonagh-2023-esc-guidelines_n0048/na_0005 deonticForce PERMISSIVE
Rule_983	?a type NormativeAssertion => ?a deonticForce PERMISSIVE	visseren-2021-esc-guidelines-cardiovascular-disease-prevention_n0074/na_0005 type NormativeAssertion => visseren-2021-esc-guidelines-cardiovascular-disease-prevention_n0074/na_0005 deonticForce PERMISSIVE
Rule_983	?a type NormativeAssertion => ?a deonticForce PERMISSIVE	glikson-2021-2021-esc-guidelines-on-cardiac-pacing-and-cardiac-resynchro_n0020/na_0080 type NormativeAssertion => glikson-2021-2021-esc-guidelines-on-cardiac-pacing-and-cardiac-resynchro_n0020/na_0080 deonticForce PERMISSIVE
Rule_983	?a type NormativeAssertion => ?a deonticForce PERMISSIVE	execut-1_n0040/na_0001 type NormativeAssertion => execut-1_n0040/na_0001 deonticForce PERMISSIVE
Rule_983	?a type NormativeAssertion => ?a deonticForce PERMISSIVE	zeppenfeld-2022-esc-guidelines-va-and-scd_n0019/na_0003 type NormativeAssertion => zeppenfeld-2022-esc-guidelines-va-and-scd_n0019/na_0003 deonticForce PERMISSIVE
Rule_983	?a type NormativeAssertion => ?a deonticForce PERMISSIVE	visseren-2021-esc-guidelines-cardiovascular-disease-prevention_n0010/na_0013 type NormativeAssertion => visseren-2021-esc-guidelines-cardiovascular-disease-prevention_n0010/na_0013 deonticForce PERMISSIVE
Rule_983	?a type NormativeAssertion => ?a deonticForce PERMISSIVE	al-khatib-2017-aha-acc-hrs-guideline-va-and-scd_n0071/na_0004 type NormativeAssertion => al-khatib-2017-aha-acc-hrs-guideline-va-and-scd_n0071/na_0004 deonticForce PERMISSIVE
Rule_983	?a type NormativeAssertion => ?a deonticForce PERMISSIVE	mcdonagh-2023-esc-guidelines_n0086/na_0001 type NormativeAssertion => mcdonagh-2023-esc-guidelines_n0086/na_0001 deonticForce PERMISSIVE
Rule_983	?a type NormativeAssertion => ?a deonticForce PERMISSIVE	glikson-2021-2021-esc-guidelines-on-cardiac-pacing-and-cardiac-resynchro_n0020/na_0034 type NormativeAssertion => glikson-2021-2021-esc-guidelines-on-cardiac-pacing-and-cardiac-resynchro_n0020/na_0034 deonticForce PERMISSIVE
Rule_983	?a type NormativeAssertion => ?a deonticForce PERMISSIVE	heidenreich-2022-aha-acc-hfsa-guidelines_n0108/na_0034 type NormativeAssertion => heidenreich-2022-aha-acc-hfsa-guidelines_n0108/na_0034 deonticForce PERMISSIVE
Rule_983	?a type NormativeAssertion => ?a deonticForce PERMISSIVE	mcdonagh-2023-esc-guidelines_n0048/na_0006 type NormativeAssertion => mcdonagh-2023-esc-guidelines_n0048/na_0006 deonticForce PERMISSIVE
Rule_983	?a type NormativeAssertion => ?a deonticForce PERMISSIVE	su_verified_6ed52cdf724db04223b4d1c2e62f3c35f6b42bc19bc5e3198277d681d47e1eb9_table_7/na_0026 type NormativeAssertion => su_verified_6ed52cdf724db04223b4d1c2e62f3c35f6b42bc19bc5e3198277d681d47e1eb9_table_7/na_0026 deonticForce PERMISSIVE
Rule_983	?a type NormativeAssertion => ?a deonticForce PERMISSIVE	riegel-2009-promoting-self-care-in-persons-with-heart-failure_n0004/na_0024 type NormativeAssertion => riegel-2009-promoting-self-care-in-persons-with-heart-failure_n0004/na_0024 deonticForce PERMISSIVE
Rule_983	?a type NormativeAssertion => ?a deonticForce PERMISSIVE	van-diepen-2017-contemporary-management-of-cardiogenic-shock_n0004/na_0008 type NormativeAssertion => van-diepen-2017-contemporary-management-of-cardiogenic-shock_n0004/na_0008 deonticForce PERMISSIVE
Rule_983	?a type NormativeAssertion => ?a deonticForce PERMISSIVE	vest-2019-nutrition-obesity-and-cachexia-in-patients-with-heart-failure_n0005/na_9000 type NormativeAssertion => vest-2019-nutrition-obesity-and-cachexia-in-patients-with-heart-failure_n0005/na_9000 deonticForce PERMISSIVE
Rule_983	?a type NormativeAssertion => ?a deonticForce PERMISSIVE	pelliccia-2020-2020-esc-guidelines-on-sports-cardiology-and-exercise-in_n0053/na_0001 type NormativeAssertion => pelliccia-2020-2020-esc-guidelines-on-sports-cardiology-and-exercise-in_n0053/na_0001 deonticForce PERMISSIVE
Rule_983	?a type NormativeAssertion => ?a deonticForce PERMISSIVE	heidenreich-2022-aha-acc-hfsa-guidelines_n0017/na_0005 type NormativeAssertion => heidenreich-2022-aha-acc-hfsa-guidelines_n0017/na_0005 deonticForce PERMISSIVE
Rule_983	?a type NormativeAssertion => ?a deonticForce PERMISSIVE	heidenreich-2022-aha-acc-hfsa-guidelines_n0039/na_0027 type NormativeAssertion => heidenreich-2022-aha-acc-hfsa-guidelines_n0039/na_0027 deonticForce PERMISSIVE
Rule_983	?a type NormativeAssertion => ?a deonticForce PERMISSIVE	van-diepen-2017-contemporary-management-of-cardiogenic-shock_n0008/na_0024 type NormativeAssertion => van-diepen-2017-contemporary-management-of-cardiogenic-shock_n0008/na_0024 deonticForce PERMISSIVE
Rule_983	?a type NormativeAssertion => ?a deonticForce PERMISSIVE	braunschweig-2010-management-of-patients-receiving-implantable-cardiac-d_n0007/na_0001 type NormativeAssertion => braunschweig-2010-management-of-patients-receiving-implantable-cardiac-d_n0007/na_0001 deonticForce PERMISSIVE
Rule_983	?a type NormativeAssertion => ?a deonticForce PERMISSIVE	van-diepen-2017-contemporary-management-of-cardiogenic-shock_n0004/na_0003 type NormativeAssertion => van-diepen-2017-contemporary-management-of-cardiogenic-shock_n0004/na_0003 deonticForce PERMISSIVE
Rule_983	?a type NormativeAssertion => ?a deonticForce PERMISSIVE	visseren-2021-esc-guidelines-cardiovascular-disease-prevention_n0057/na_0002 type NormativeAssertion => visseren-2021-esc-guidelines-cardiovascular-disease-prevention_n0057/na_0002 deonticForce PERMISSIVE
Rule_983	?a type NormativeAssertion => ?a deonticForce PERMISSIVE	visseren-2021-esc-guidelines-cardiovascular-disease-prevention_n0082/na_0006 type NormativeAssertion => visseren-2021-esc-guidelines-cardiovascular-disease-prevention_n0082/na_0006 deonticForce PERMISSIVE
Rule_983	?a type NormativeAssertion => ?a deonticForce PERMISSIVE	execut-1_n0048/na_0001 type NormativeAssertion => execut-1_n0048/na_0001 deonticForce PERMISSIVE
Rule_983	?a type NormativeAssertion => ?a deonticForce PERMISSIVE	regitz-zagrosek-2018-2018-esc-guideline-for-the-management-of-cardiovasc_n0023/na_0022 type NormativeAssertion => regitz-zagrosek-2018-2018-esc-guideline-for-the-management-of-cardiovasc_n0023/na_0022 deonticForce PERMISSIVE
Rule_983	?a type NormativeAssertion => ?a deonticForce PERMISSIVE	al-khatib-2017-aha-acc-hrs-guideline-va-and-scd_n0057/na_0003 type NormativeAssertion => al-khatib-2017-aha-acc-hrs-guideline-va-and-scd_n0057/na_0003 deonticForce PERMISSIVE
Rule_983	?a type NormativeAssertion => ?a deonticForce PERMISSIVE	glikson-2021-2021-esc-guidelines-on-cardiac-pacing-and-cardiac-resynchro_n0020/na_0031 type NormativeAssertion => glikson-2021-2021-esc-guidelines-on-cardiac-pacing-and-cardiac-resynchro_n0020/na_0031 deonticForce PERMISSIVE
Rule_983	?a type NormativeAssertion => ?a deonticForce PERMISSIVE	execut-1_n0046/na_0005 type NormativeAssertion => execut-1_n0046/na_0005 deonticForce PERMISSIVE
Rule_983	?a type NormativeAssertion => ?a deonticForce PERMISSIVE	al-khatib-2017-aha-acc-hrs-guideline-va-and-scd_n0058/na_0005 type NormativeAssertion => al-khatib-2017-aha-acc-hrs-guideline-va-and-scd_n0058/na_0005 deonticForce PERMISSIVE
Rule_983	?a type NormativeAssertion => ?a deonticForce PERMISSIVE	pelliccia-2020-2020-esc-guidelines-on-sports-cardiology-and-exercise-in_n0057/na_0002 type NormativeAssertion => pelliccia-2020-2020-esc-guidelines-on-sports-cardiology-and-exercise-in_n0057/na_0002 deonticForce PERMISSIVE
Rule_983	?a type NormativeAssertion => ?a deonticForce PERMISSIVE	heidenreich-2022-aha-acc-hfsa-guidelines_n0039/na_0014 type NormativeAssertion => heidenreich-2022-aha-acc-hfsa-guidelines_n0039/na_0014 deonticForce PERMISSIVE
Rule_983	?a type NormativeAssertion => ?a deonticForce PERMISSIVE	glikson-2021-2021-esc-guidelines-on-cardiac-pacing-and-cardiac-resynchro_n0073/na_0001 type NormativeAssertion => glikson-2021-2021-esc-guidelines-on-cardiac-pacing-and-cardiac-resynchro_n0073/na_0001 deonticForce PERMISSIVE
Rule_983	?a type NormativeAssertion => ?a deonticForce PERMISSIVE	heidenreich-2022-aha-acc-hfsa-guidelines_n0039/na_0018 type NormativeAssertion => heidenreich-2022-aha-acc-hfsa-guidelines_n0039/na_0018 deonticForce PERMISSIVE
Rule_983	?a type NormativeAssertion => ?a deonticForce PERMISSIVE	al-khatib-2017-aha-acc-hrs-guideline-va-and-scd_n0055/na_0001 type NormativeAssertion => al-khatib-2017-aha-acc-hrs-guideline-va-and-scd_n0055/na_0001 deonticForce PERMISSIVE
Rule_983	?a type NormativeAssertion => ?a deonticForce PERMISSIVE	mcdonagh-2023-esc-guidelines_n0023/na_0019 type NormativeAssertion => mcdonagh-2023-esc-guidelines_n0023/na_0019 deonticForce PERMISSIVE
Rule_983	?a type NormativeAssertion => ?a deonticForce PERMISSIVE	zeppenfeld-2022-esc-guidelines-va-and-scd_n0018/na_0015 type NormativeAssertion => zeppenfeld-2022-esc-guidelines-va-and-scd_n0018/na_0015 deonticForce PERMISSIVE
Rule_983	?a type NormativeAssertion => ?a deonticForce PERMISSIVE	zeppenfeld-2022-esc-guidelines-va-and-scd_n0052/na_0003 type NormativeAssertion => zeppenfeld-2022-esc-guidelines-va-and-scd_n0052/na_0003 deonticForce PERMISSIVE
Rule_983	?a type NormativeAssertion => ?a deonticForce PERMISSIVE	zeppenfeld-2022-esc-guidelines-va-and-scd_n0082/na_0012 type NormativeAssertion => zeppenfeld-2022-esc-guidelines-va-and-scd_n0082/na_0012 deonticForce PERMISSIVE
Rule_983	?a type NormativeAssertion => ?a deonticForce PERMISSIVE	execut-1_n0040/na_0012 type NormativeAssertion => execut-1_n0040/na_0012 deonticForce PERMISSIVE
Rule_983	?a type NormativeAssertion => ?a deonticForce PERMISSIVE	zeppenfeld-2022-esc-guidelines-va-and-scd_n0063/na_0008 type NormativeAssertion => zeppenfeld-2022-esc-guidelines-va-and-scd_n0063/na_0008 deonticForce PERMISSIVE
Rule_983	?a type NormativeAssertion => ?a deonticForce PERMISSIVE	regitz-zagrosek-2018-2018-esc-guideline-for-the-management-of-cardiovasc_n0025/na_0013 type NormativeAssertion => regitz-zagrosek-2018-2018-esc-guideline-for-the-management-of-cardiovasc_n0025/na_0013 deonticForce PERMISSIVE
Rule_983	?a type NormativeAssertion => ?a deonticForce PERMISSIVE	visseren-2021-esc-guidelines-cardiovascular-disease-prevention_n0034/na_0042 type NormativeAssertion => visseren-2021-esc-guidelines-cardiovascular-disease-prevention_n0034/na_0042 deonticForce PERMISSIVE
Rule_983	?a type NormativeAssertion => ?a deonticForce PERMISSIVE	glikson-2021-2021-esc-guidelines-on-cardiac-pacing-and-cardiac-resynchro_n0072/na_0007 type NormativeAssertion => glikson-2021-2021-esc-guidelines-on-cardiac-pacing-and-cardiac-resynchro_n0072/na_0007 deonticForce PERMISSIVE
Rule_983	?a type NormativeAssertion => ?a deonticForce PERMISSIVE	al-khatib-2017-aha-acc-hrs-guideline-va-and-scd_n0058/na_0006 type NormativeAssertion => al-khatib-2017-aha-acc-hrs-guideline-va-and-scd_n0058/na_0006 deonticForce PERMISSIVE
Rule_983	?a type NormativeAssertion => ?a deonticForce PERMISSIVE	execut-1_n0035/na_0011 type NormativeAssertion => execut-1_n0035/na_0011 deonticForce PERMISSIVE
Rule_983	?a type NormativeAssertion => ?a deonticForce PERMISSIVE	van-diepen-2017-contemporary-management-of-cardiogenic-shock_n0008/na_0020 type NormativeAssertion => van-diepen-2017-contemporary-management-of-cardiogenic-shock_n0008/na_0020 deonticForce PERMISSIVE
Rule_983	?a type NormativeAssertion => ?a deonticForce PERMISSIVE	heidenreich-2022-aha-acc-hfsa-guidelines_n0039/na_0030 type NormativeAssertion => heidenreich-2022-aha-acc-hfsa-guidelines_n0039/na_0030 deonticForce PERMISSIVE
Rule_983	?a type NormativeAssertion => ?a deonticForce PERMISSIVE	glikson-2021-2021-esc-guidelines-on-cardiac-pacing-and-cardiac-resynchro_n0020/na_0045 type NormativeAssertion => glikson-2021-2021-esc-guidelines-on-cardiac-pacing-and-cardiac-resynchro_n0020/na_0045 deonticForce PERMISSIVE
Rule_983	?a type NormativeAssertion => ?a deonticForce PERMISSIVE	al-khatib-2017-aha-acc-hrs-guideline-va-and-scd_n0030/na_0002 type NormativeAssertion => al-khatib-2017-aha-acc-hrs-guideline-va-and-scd_n0030/na_0002 deonticForce PERMISSIVE
Rule_983	?a type NormativeAssertion => ?a deonticForce PERMISSIVE	glikson-2021-2021-esc-guidelines-on-cardiac-pacing-and-cardiac-resynchro_n0020/na_0021 type NormativeAssertion => glikson-2021-2021-esc-guidelines-on-cardiac-pacing-and-cardiac-resynchro_n0020/na_0021 deonticForce PERMISSIVE
Rule_983	?a type NormativeAssertion => ?a deonticForce PERMISSIVE	mcdonagh-2023-esc-guidelines_n0094/na_0008 type NormativeAssertion => mcdonagh-2023-esc-guidelines_n0094/na_0008 deonticForce PERMISSIVE
Rule_983	?a type NormativeAssertion => ?a deonticForce PERMISSIVE	al-khatib-2017-aha-acc-hrs-guideline-va-and-scd_n0074/na_0001 type NormativeAssertion => al-khatib-2017-aha-acc-hrs-guideline-va-and-scd_n0074/na_0001 deonticForce PERMISSIVE
Rule_983	?a type NormativeAssertion => ?a deonticForce PERMISSIVE	zeppenfeld-2022-esc-guidelines-va-and-scd_n0068/na_0003 type NormativeAssertion => zeppenfeld-2022-esc-guidelines-va-and-scd_n0068/na_0003 deonticForce PERMISSIVE
Rule_983	?a type NormativeAssertion => ?a deonticForce PERMISSIVE	zeppenfeld-2022-esc-guidelines-va-and-scd_n0036/na_0008 type NormativeAssertion => zeppenfeld-2022-esc-guidelines-va-and-scd_n0036/na_0008 deonticForce PERMISSIVE
Rule_983	?a type NormativeAssertion => ?a deonticForce PERMISSIVE	glikson-2021-2021-esc-guidelines-on-cardiac-pacing-and-cardiac-resynchro_n0020/na_0068 type NormativeAssertion => glikson-2021-2021-esc-guidelines-on-cardiac-pacing-and-cardiac-resynchro_n0020/na_0068 deonticForce PERMISSIVE
Rule_983	?a type NormativeAssertion => ?a deonticForce PERMISSIVE	vest-2019-nutrition-obesity-and-cachexia-in-patients-with-heart-failure_n0005/na_9003 type NormativeAssertion => vest-2019-nutrition-obesity-and-cachexia-in-patients-with-heart-failure_n0005/na_9003 deonticForce PERMISSIVE
Rule_983	?a type NormativeAssertion => ?a deonticForce PERMISSIVE	mcdonagh-2023-esc-guidelines_n0023/na_0012 type NormativeAssertion => mcdonagh-2023-esc-guidelines_n0023/na_0012 deonticForce PERMISSIVE
Rule_983	?a type NormativeAssertion => ?a deonticForce PERMISSIVE	ambrosetti-2020-secondary-prevention-comprehensive-cardiovascular-rehabi_n0011/na_0010 type NormativeAssertion => ambrosetti-2020-secondary-prevention-comprehensive-cardiovascular-rehabi_n0011/na_0010 deonticForce PERMISSIVE
Rule_983	?a type NormativeAssertion => ?a deonticForce PERMISSIVE	heidenreich-2022-aha-acc-hfsa-guidelines_n0050/na_0002 type NormativeAssertion => heidenreich-2022-aha-acc-hfsa-guidelines_n0050/na_0002 deonticForce PERMISSIVE
Rule_983	?a type NormativeAssertion => ?a deonticForce PERMISSIVE	visseren-2021-esc-guidelines-cardiovascular-disease-prevention_n0069/na_0003 type NormativeAssertion => visseren-2021-esc-guidelines-cardiovascular-disease-prevention_n0069/na_0003 deonticForce PERMISSIVE
Rule_983	?a type NormativeAssertion => ?a deonticForce PERMISSIVE	execut-1_n0036/na_0004 type NormativeAssertion => execut-1_n0036/na_0004 deonticForce PERMISSIVE
Rule_983	?a type NormativeAssertion => ?a deonticForce PERMISSIVE	braunschweig-2010-management-of-patients-receiving-implantable-cardiac-d_n0007/na_0015 type NormativeAssertion => braunschweig-2010-management-of-patients-receiving-implantable-cardiac-d_n0007/na_0015 deonticForce PERMISSIVE
Rule_983	?a type NormativeAssertion => ?a deonticForce PERMISSIVE	zeppenfeld-2022-esc-guidelines-va-and-scd_n0021/na_0019 type NormativeAssertion => zeppenfeld-2022-esc-guidelines-va-and-scd_n0021/na_0019 deonticForce PERMISSIVE
Rule_983	?a type NormativeAssertion => ?a deonticForce PERMISSIVE	zeppenfeld-2022-esc-guidelines-va-and-scd_n0072/na_0004 type NormativeAssertion => zeppenfeld-2022-esc-guidelines-va-and-scd_n0072/na_0004 deonticForce PERMISSIVE
Rule_983	?a type NormativeAssertion => ?a deonticForce PERMISSIVE	sectio-1_n0016/na_0016 type NormativeAssertion => sectio-1_n0016/na_0016 deonticForce PERMISSIVE
Rule_983	?a type NormativeAssertion => ?a deonticForce PERMISSIVE	heidenreich-2022-aha-acc-hfsa-guidelines_n0089/na_0001 type NormativeAssertion => heidenreich-2022-aha-acc-hfsa-guidelines_n0089/na_0001 deonticForce PERMISSIVE
Rule_983	?a type NormativeAssertion => ?a deonticForce PERMISSIVE	ambrosetti-2020-secondary-prevention-comprehensive-cardiovascular-rehabi_n0012/na_0025 type NormativeAssertion => ambrosetti-2020-secondary-prevention-comprehensive-cardiovascular-rehabi_n0012/na_0025 deonticForce PERMISSIVE
Rule_983	?a type NormativeAssertion => ?a deonticForce PERMISSIVE	glikson-2021-2021-esc-guidelines-on-cardiac-pacing-and-cardiac-resynchro_n0020/na_0032 type NormativeAssertion => glikson-2021-2021-esc-guidelines-on-cardiac-pacing-and-cardiac-resynchro_n0020/na_0032 deonticForce PERMISSIVE
Rule_983	?a type NormativeAssertion => ?a deonticForce PERMISSIVE	al-khatib-2017-aha-acc-hrs-guideline-va-and-scd_n0046/na_0005 type NormativeAssertion => al-khatib-2017-aha-acc-hrs-guideline-va-and-scd_n0046/na_0005 deonticForce PERMISSIVE
Rule_983	?a type NormativeAssertion => ?a deonticForce PERMISSIVE	heidenreich-2022-aha-acc-hfsa-guidelines_n0039/na_0021 type NormativeAssertion => heidenreich-2022-aha-acc-hfsa-guidelines_n0039/na_0021 deonticForce PERMISSIVE
Rule_983	?a type NormativeAssertion => ?a deonticForce PERMISSIVE	al-khatib-2017-aha-acc-hrs-guideline-va-and-scd_n0032/na_0003 type NormativeAssertion => al-khatib-2017-aha-acc-hrs-guideline-va-and-scd_n0032/na_0003 deonticForce PERMISSIVE
Rule_983	?a type NormativeAssertion => ?a deonticForce PERMISSIVE	cardiosmart-modul1-zusammengefugt_n0008/na_0004 type NormativeAssertion => cardiosmart-modul1-zusammengefugt_n0008/na_0004 deonticForce PERMISSIVE
Rule_983	?a type NormativeAssertion => ?a deonticForce PERMISSIVE	mcdonagh-2023-esc-guidelines_n0031/na_0007 type NormativeAssertion => mcdonagh-2023-esc-guidelines_n0031/na_0007 deonticForce PERMISSIVE
Rule_983	?a type NormativeAssertion => ?a deonticForce PERMISSIVE	braunschweig-2010-management-of-patients-receiving-implantable-cardiac-d_n0007/na_0003 type NormativeAssertion => braunschweig-2010-management-of-patients-receiving-implantable-cardiac-d_n0007/na_0003 deonticForce PERMISSIVE
Rule_983	?a type NormativeAssertion => ?a deonticForce PERMISSIVE	sectio-1_n0028/na_0013 type NormativeAssertion => sectio-1_n0028/na_0013 deonticForce PERMISSIVE
Rule_983	?a type NormativeAssertion => ?a deonticForce PERMISSIVE	glikson-2021-2021-esc-guidelines-on-cardiac-pacing-and-cardiac-resynchro_n0020/na_0059 type NormativeAssertion => glikson-2021-2021-esc-guidelines-on-cardiac-pacing-and-cardiac-resynchro_n0020/na_0059 deonticForce PERMISSIVE
Rule_983	?a type NormativeAssertion => ?a deonticForce PERMISSIVE	ambrosetti-2020-secondary-prevention-comprehensive-cardiovascular-rehabi_n0008/na_0015 type NormativeAssertion => ambrosetti-2020-secondary-prevention-comprehensive-cardiovascular-rehabi_n0008/na_0015 deonticForce PERMISSIVE
Rule_983	?a type NormativeAssertion => ?a deonticForce PERMISSIVE	zeppenfeld-2022-esc-guidelines-va-and-scd_n0021/na_0010 type NormativeAssertion => zeppenfeld-2022-esc-guidelines-va-and-scd_n0021/na_0010 deonticForce PERMISSIVE
Rule_983	?a type NormativeAssertion => ?a deonticForce PERMISSIVE	mcdonagh-2023-esc-guidelines_n0055/na_0058 type NormativeAssertion => mcdonagh-2023-esc-guidelines_n0055/na_0058 deonticForce PERMISSIVE
Rule_983	?a type NormativeAssertion => ?a deonticForce PERMISSIVE	su_verified_6ed52cdf724db04223b4d1c2e62f3c35f6b42bc19bc5e3198277d681d47e1eb9_table_7/na_0006 type NormativeAssertion => su_verified_6ed52cdf724db04223b4d1c2e62f3c35f6b42bc19bc5e3198277d681d47e1eb9_table_7/na_0006 deonticForce PERMISSIVE
Rule_983	?a type NormativeAssertion => ?a deonticForce PERMISSIVE	zeppenfeld-2022-esc-guidelines-va-and-scd_n0019/na_0004 type NormativeAssertion => zeppenfeld-2022-esc-guidelines-va-and-scd_n0019/na_0004 deonticForce PERMISSIVE
Rule_983	?a type NormativeAssertion => ?a deonticForce PERMISSIVE	zeppenfeld-2022-esc-guidelines-va-and-scd_n0042/na_0002 type NormativeAssertion => zeppenfeld-2022-esc-guidelines-va-and-scd_n0042/na_0002 deonticForce PERMISSIVE
Rule_983	?a type NormativeAssertion => ?a deonticForce PERMISSIVE	braunschweig-2010-management-of-patients-receiving-implantable-cardiac-d_n0007/na_0006 type NormativeAssertion => braunschweig-2010-management-of-patients-receiving-implantable-cardiac-d_n0007/na_0006 deonticForce PERMISSIVE
Rule_983	?a type NormativeAssertion => ?a deonticForce PERMISSIVE	execut-1_n0044/na_0019 type NormativeAssertion => execut-1_n0044/na_0019 deonticForce PERMISSIVE
Rule_983	?a type NormativeAssertion => ?a deonticForce PERMISSIVE	heidenreich-2022-aha-acc-hfsa-guidelines_n0074/na_0003 type NormativeAssertion => heidenreich-2022-aha-acc-hfsa-guidelines_n0074/na_0003 deonticForce PERMISSIVE
Rule_983	?a type NormativeAssertion => ?a deonticForce PERMISSIVE	glikson-2021-2021-esc-guidelines-on-cardiac-pacing-and-cardiac-resynchro_n0023/na_0003 type NormativeAssertion => glikson-2021-2021-esc-guidelines-on-cardiac-pacing-and-cardiac-resynchro_n0023/na_0003 deonticForce PERMISSIVE
Rule_983	?a type NormativeAssertion => ?a deonticForce PERMISSIVE	al-khatib-2017-aha-acc-hrs-guideline-va-and-scd_n0046/na_0002 type NormativeAssertion => al-khatib-2017-aha-acc-hrs-guideline-va-and-scd_n0046/na_0002 deonticForce PERMISSIVE
Rule_983	?a type NormativeAssertion => ?a deonticForce PERMISSIVE	mcdonagh-2023-esc-guidelines_n0085/na_0001 type NormativeAssertion => mcdonagh-2023-esc-guidelines_n0085/na_0001 deonticForce PERMISSIVE
Rule_983	?a type NormativeAssertion => ?a deonticForce PERMISSIVE	zeppenfeld-2022-esc-guidelines-va-and-scd_n0018/na_0034 type NormativeAssertion => zeppenfeld-2022-esc-guidelines-va-and-scd_n0018/na_0034 deonticForce PERMISSIVE
Rule_983	?a type NormativeAssertion => ?a deonticForce PERMISSIVE	pelliccia-2020-2020-esc-guidelines-on-sports-cardiology-and-exercise-in_n0041/na_0004 type NormativeAssertion => pelliccia-2020-2020-esc-guidelines-on-sports-cardiology-and-exercise-in_n0041/na_0004 deonticForce PERMISSIVE
Rule_983	?a type NormativeAssertion => ?a deonticForce PERMISSIVE	al-khatib-2017-aha-acc-hrs-guideline-va-and-scd_n0045/na_0003 type NormativeAssertion => al-khatib-2017-aha-acc-hrs-guideline-va-and-scd_n0045/na_0003 deonticForce PERMISSIVE
Rule_983	?a type NormativeAssertion => ?a deonticForce PERMISSIVE	ambrosetti-2020-secondary-prevention-comprehensive-cardiovascular-rehabi_n0012/na_0013 type NormativeAssertion => ambrosetti-2020-secondary-prevention-comprehensive-cardiovascular-rehabi_n0012/na_0013 deonticForce PERMISSIVE
Rule_983	?a type NormativeAssertion => ?a deonticForce PERMISSIVE	al-khatib-2017-aha-acc-hrs-guideline-va-and-scd_n0034/na_0002 type NormativeAssertion => al-khatib-2017-aha-acc-hrs-guideline-va-and-scd_n0034/na_0002 deonticForce PERMISSIVE
Rule_983	?a type NormativeAssertion => ?a deonticForce PERMISSIVE	zeppenfeld-2022-esc-guidelines-va-and-scd_n0079/na_0006 type NormativeAssertion => zeppenfeld-2022-esc-guidelines-va-and-scd_n0079/na_0006 deonticForce PERMISSIVE
Rule_983	?a type NormativeAssertion => ?a deonticForce PERMISSIVE	visseren-2021-esc-guidelines-cardiovascular-disease-prevention_n0010/na_0042 type NormativeAssertion => visseren-2021-esc-guidelines-cardiovascular-disease-prevention_n0010/na_0042 deonticForce PERMISSIVE
Rule_983	?a type NormativeAssertion => ?a deonticForce PERMISSIVE	zeppenfeld-2022-esc-guidelines-va-and-scd_n0018/na_0033 type NormativeAssertion => zeppenfeld-2022-esc-guidelines-va-and-scd_n0018/na_0033 deonticForce PERMISSIVE
Rule_983	?a type NormativeAssertion => ?a deonticForce PERMISSIVE	mcdonagh-2023-esc-guidelines_n0031/na_0005 type NormativeAssertion => mcdonagh-2023-esc-guidelines_n0031/na_0005 deonticForce PERMISSIVE
Rule_983	?a type NormativeAssertion => ?a deonticForce PERMISSIVE	heidenreich-2022-aha-acc-hfsa-guidelines_n0071/na_0006 type NormativeAssertion => heidenreich-2022-aha-acc-hfsa-guidelines_n0071/na_0006 deonticForce PERMISSIVE
Rule_983	?a type NormativeAssertion => ?a deonticForce PERMISSIVE	ambrosetti-2020-secondary-prevention-comprehensive-cardiovascular-rehabi_n0006/na_0039 type NormativeAssertion => ambrosetti-2020-secondary-prevention-comprehensive-cardiovascular-rehabi_n0006/na_0039 deonticForce PERMISSIVE
Rule_983	?a type NormativeAssertion => ?a deonticForce PERMISSIVE	zeppenfeld-2022-esc-guidelines-va-and-scd_n0068/na_0005 type NormativeAssertion => zeppenfeld-2022-esc-guidelines-va-and-scd_n0068/na_0005 deonticForce PERMISSIVE
Rule_983	?a type NormativeAssertion => ?a deonticForce PERMISSIVE	zeppenfeld-2022-esc-guidelines-va-and-scd_n0019/na_0018 type NormativeAssertion => zeppenfeld-2022-esc-guidelines-va-and-scd_n0019/na_0018 deonticForce PERMISSIVE
Rule_983	?a type NormativeAssertion => ?a deonticForce PERMISSIVE	visseren-2021-esc-guidelines-cardiovascular-disease-prevention_n0065/na_0008 type NormativeAssertion => visseren-2021-esc-guidelines-cardiovascular-disease-prevention_n0065/na_0008 deonticForce PERMISSIVE
Rule_983	?a type NormativeAssertion => ?a deonticForce PERMISSIVE	zeppenfeld-2022-esc-guidelines-va-and-scd_n0017/na_0012 type NormativeAssertion => zeppenfeld-2022-esc-guidelines-va-and-scd_n0017/na_0012 deonticForce PERMISSIVE
Rule_983	?a type NormativeAssertion => ?a deonticForce PERMISSIVE	lenarczyk-2024-management-of-patients-with-an-electrical-storm-or-cluste_n0017/na_0002 type NormativeAssertion => lenarczyk-2024-management-of-patients-with-an-electrical-storm-or-cluste_n0017/na_0002 deonticForce PERMISSIVE
Rule_983	?a type NormativeAssertion => ?a deonticForce PERMISSIVE	su_verified_6ed52cdf724db04223b4d1c2e62f3c35f6b42bc19bc5e3198277d681d47e1eb9_table_24/na_0001 type NormativeAssertion => su_verified_6ed52cdf724db04223b4d1c2e62f3c35f6b42bc19bc5e3198277d681d47e1eb9_table_24/na_0001 deonticForce PERMISSIVE
Rule_983	?a type NormativeAssertion => ?a deonticForce PERMISSIVE	mcdonagh-2023-esc-guidelines_n0023/na_0016 type NormativeAssertion => mcdonagh-2023-esc-guidelines_n0023/na_0016 deonticForce PERMISSIVE
Rule_983	?a type NormativeAssertion => ?a deonticForce PERMISSIVE	al-khatib-2017-aha-acc-hrs-guideline-va-and-scd_n0074/na_0004 type NormativeAssertion => al-khatib-2017-aha-acc-hrs-guideline-va-and-scd_n0074/na_0004 deonticForce PERMISSIVE
Rule_983	?a type NormativeAssertion => ?a deonticForce PERMISSIVE	glikson-2021-2021-esc-guidelines-on-cardiac-pacing-and-cardiac-resynchro_n0020/na_0061 type NormativeAssertion => glikson-2021-2021-esc-guidelines-on-cardiac-pacing-and-cardiac-resynchro_n0020/na_0061 deonticForce PERMISSIVE
Rule_983	?a type NormativeAssertion => ?a deonticForce PERMISSIVE	mcdonagh-2023-esc-guidelines_n0062/na_0006 type NormativeAssertion => mcdonagh-2023-esc-guidelines_n0062/na_0006 deonticForce PERMISSIVE
Rule_983	?a type NormativeAssertion => ?a deonticForce PERMISSIVE	ambrosetti-2020-secondary-prevention-comprehensive-cardiovascular-rehabi_n0006/na_0026 type NormativeAssertion => ambrosetti-2020-secondary-prevention-comprehensive-cardiovascular-rehabi_n0006/na_0026 deonticForce PERMISSIVE
Rule_983	?a type NormativeAssertion => ?a deonticForce PERMISSIVE	zeppenfeld-2022-esc-guidelines-va-and-scd_n0063/na_0010 type NormativeAssertion => zeppenfeld-2022-esc-guidelines-va-and-scd_n0063/na_0010 deonticForce PERMISSIVE
Rule_983	?a type NormativeAssertion => ?a deonticForce PERMISSIVE	ferrick-2023-2023-hrs-ehra-aphrs-lahrs-expert-consensus-statement-on-pra_n0034/na_0003 type NormativeAssertion => ferrick-2023-2023-hrs-ehra-aphrs-lahrs-expert-consensus-statement-on-pra_n0034/na_0003 deonticForce PERMISSIVE
Rule_983	?a type NormativeAssertion => ?a deonticForce PERMISSIVE	mcdonagh-2023-esc-guidelines_n0076/na_0005 type NormativeAssertion => mcdonagh-2023-esc-guidelines_n0076/na_0005 deonticForce PERMISSIVE
Rule_983	?a type NormativeAssertion => ?a deonticForce PERMISSIVE	glikson-2021-2021-esc-guidelines-on-cardiac-pacing-and-cardiac-resynchro_n0020/na_0079 type NormativeAssertion => glikson-2021-2021-esc-guidelines-on-cardiac-pacing-and-cardiac-resynchro_n0020/na_0079 deonticForce PERMISSIVE
Rule_983	?a type NormativeAssertion => ?a deonticForce PERMISSIVE	zeppenfeld-2022-esc-guidelines-va-and-scd_n0021/na_0009 type NormativeAssertion => zeppenfeld-2022-esc-guidelines-va-and-scd_n0021/na_0009 deonticForce PERMISSIVE
Rule_983	?a type NormativeAssertion => ?a deonticForce PERMISSIVE	zeppenfeld-2022-esc-guidelines-va-and-scd_n0074/na_0001 type NormativeAssertion => zeppenfeld-2022-esc-guidelines-va-and-scd_n0074/na_0001 deonticForce PERMISSIVE
Rule_983	?a type NormativeAssertion => ?a deonticForce PERMISSIVE	sectio-1_n0010/na_0010 type NormativeAssertion => sectio-1_n0010/na_0010 deonticForce PERMISSIVE
Rule_983	?a type NormativeAssertion => ?a deonticForce PERMISSIVE	heidenreich-2022-aha-acc-hfsa-guidelines_n0039/na_0029 type NormativeAssertion => heidenreich-2022-aha-acc-hfsa-guidelines_n0039/na_0029 deonticForce PERMISSIVE
Rule_983	?a type NormativeAssertion => ?a deonticForce PERMISSIVE	sectio-1_n0016/na_0025 type NormativeAssertion => sectio-1_n0016/na_0025 deonticForce PERMISSIVE
Rule_983	?a type NormativeAssertion => ?a deonticForce PERMISSIVE	heidenreich-2022-aha-acc-hfsa-guidelines_n0088/na_0005 type NormativeAssertion => heidenreich-2022-aha-acc-hfsa-guidelines_n0088/na_0005 deonticForce PERMISSIVE
Rule_983	?a type NormativeAssertion => ?a deonticForce PERMISSIVE	heidenreich-2022-aha-acc-hfsa-guidelines_n0039/na_0005 type NormativeAssertion => heidenreich-2022-aha-acc-hfsa-guidelines_n0039/na_0005 deonticForce PERMISSIVE
Rule_983	?a type NormativeAssertion => ?a deonticForce PERMISSIVE	zeppenfeld-2022-esc-guidelines-va-and-scd_n0085/na_0010 type NormativeAssertion => zeppenfeld-2022-esc-guidelines-va-and-scd_n0085/na_0010 deonticForce PERMISSIVE
Rule_983	?a type NormativeAssertion => ?a deonticForce PERMISSIVE	heidenreich-2022-aha-acc-hfsa-guidelines_n0039/na_0004 type NormativeAssertion => heidenreich-2022-aha-acc-hfsa-guidelines_n0039/na_0004 deonticForce PERMISSIVE
Rule_983	?a type NormativeAssertion => ?a deonticForce PERMISSIVE	al-khatib-2017-aha-acc-hrs-guideline-va-and-scd_n0031/na_0007 type NormativeAssertion => al-khatib-2017-aha-acc-hrs-guideline-va-and-scd_n0031/na_0007 deonticForce PERMISSIVE
Rule_983	?a type NormativeAssertion => ?a deonticForce PERMISSIVE	sectio-1_n0017/na_0004 type NormativeAssertion => sectio-1_n0017/na_0004 deonticForce PERMISSIVE
Rule_983	?a type NormativeAssertion => ?a deonticForce PERMISSIVE	van-diepen-2017-contemporary-management-of-cardiogenic-shock_n0008/na_0027 type NormativeAssertion => van-diepen-2017-contemporary-management-of-cardiogenic-shock_n0008/na_0027 deonticForce PERMISSIVE
Rule_983	?a type NormativeAssertion => ?a deonticForce PERMISSIVE	mcdonagh-2023-esc-guidelines_n0022/na_0002 type NormativeAssertion => mcdonagh-2023-esc-guidelines_n0022/na_0002 deonticForce PERMISSIVE
Rule_983	?a type NormativeAssertion => ?a deonticForce PERMISSIVE	zeppenfeld-2022-esc-guidelines-va-and-scd_n0021/na_0002 type NormativeAssertion => zeppenfeld-2022-esc-guidelines-va-and-scd_n0021/na_0002 deonticForce PERMISSIVE
Rule_983	?a type NormativeAssertion => ?a deonticForce PERMISSIVE	sectio-1_n0016/na_0017 type NormativeAssertion => sectio-1_n0016/na_0017 deonticForce PERMISSIVE
Rule_983	?a type NormativeAssertion => ?a deonticForce PERMISSIVE	zeppenfeld-2022-esc-guidelines-va-and-scd_n0063/na_0004 type NormativeAssertion => zeppenfeld-2022-esc-guidelines-va-and-scd_n0063/na_0004 deonticForce PERMISSIVE
Rule_983	?a type NormativeAssertion => ?a deonticForce PERMISSIVE	lenarczyk-2024-management-of-patients-with-an-electrical-storm-or-cluste_n0018/na_0005 type NormativeAssertion => lenarczyk-2024-management-of-patients-with-an-electrical-storm-or-cluste_n0018/na_0005 deonticForce PERMISSIVE
Rule_983	?a type NormativeAssertion => ?a deonticForce PERMISSIVE	glikson-2021-2021-esc-guidelines-on-cardiac-pacing-and-cardiac-resynchro_n0020/na_0014 type NormativeAssertion => glikson-2021-2021-esc-guidelines-on-cardiac-pacing-and-cardiac-resynchro_n0020/na_0014 deonticForce PERMISSIVE
Rule_983	?a type NormativeAssertion => ?a deonticForce PERMISSIVE	mcdonagh-2023-esc-guidelines_n0075/na_0004 type NormativeAssertion => mcdonagh-2023-esc-guidelines_n0075/na_0004 deonticForce PERMISSIVE
Rule_983	?a type NormativeAssertion => ?a deonticForce PERMISSIVE	sectio-1_n0016/na_0021 type NormativeAssertion => sectio-1_n0016/na_0021 deonticForce PERMISSIVE
Rule_983	?a type NormativeAssertion => ?a deonticForce PERMISSIVE	ambrosetti-2020-secondary-prevention-comprehensive-cardiovascular-rehabi_n0010/na_0020 type NormativeAssertion => ambrosetti-2020-secondary-prevention-comprehensive-cardiovascular-rehabi_n0010/na_0020 deonticForce PERMISSIVE
Rule_983	?a type NormativeAssertion => ?a deonticForce PERMISSIVE	page-2016-drugs-that-may-cause-or-exacerbate-heart-failure_n0001/na_0011 type NormativeAssertion => page-2016-drugs-that-may-cause-or-exacerbate-heart-failure_n0001/na_0011 deonticForce PERMISSIVE
Rule_983	?a type NormativeAssertion => ?a deonticForce PERMISSIVE	su_verified_6ed52cdf724db04223b4d1c2e62f3c35f6b42bc19bc5e3198277d681d47e1eb9_table_7/na_0018 type NormativeAssertion => su_verified_6ed52cdf724db04223b4d1c2e62f3c35f6b42bc19bc5e3198277d681d47e1eb9_table_7/na_0018 deonticForce PERMISSIVE
Rule_983	?a type NormativeAssertion => ?a deonticForce PERMISSIVE	zeppenfeld-2022-esc-guidelines-va-and-scd_n0085/na_0009 type NormativeAssertion => zeppenfeld-2022-esc-guidelines-va-and-scd_n0085/na_0009 deonticForce PERMISSIVE
Rule_983	?a type NormativeAssertion => ?a deonticForce PERMISSIVE	heidenreich-2022-aha-acc-hfsa-guidelines_n0071/na_0004 type NormativeAssertion => heidenreich-2022-aha-acc-hfsa-guidelines_n0071/na_0004 deonticForce PERMISSIVE
Rule_983	?a type NormativeAssertion => ?a deonticForce PERMISSIVE	al-khatib-2017-aha-acc-hrs-guideline-va-and-scd_n0074/na_0006 type NormativeAssertion => al-khatib-2017-aha-acc-hrs-guideline-va-and-scd_n0074/na_0006 deonticForce PERMISSIVE
Rule_983	?a type NormativeAssertion => ?a deonticForce PERMISSIVE	zeppenfeld-2022-esc-guidelines-va-and-scd_n0034/na_0011 type NormativeAssertion => zeppenfeld-2022-esc-guidelines-va-and-scd_n0034/na_0011 deonticForce PERMISSIVE
Rule_983	?a type NormativeAssertion => ?a deonticForce PERMISSIVE	visseren-2021-esc-guidelines-cardiovascular-disease-prevention_n0034/na_0049 type NormativeAssertion => visseren-2021-esc-guidelines-cardiovascular-disease-prevention_n0034/na_0049 deonticForce PERMISSIVE
Rule_983	?a type NormativeAssertion => ?a deonticForce PERMISSIVE	execut-1_n0043/na_0016 type NormativeAssertion => execut-1_n0043/na_0016 deonticForce PERMISSIVE
Rule_983	?a type NormativeAssertion => ?a deonticForce PERMISSIVE	zeppenfeld-2022-esc-guidelines-va-and-scd_n0072/na_0006 type NormativeAssertion => zeppenfeld-2022-esc-guidelines-va-and-scd_n0072/na_0006 deonticForce PERMISSIVE
Rule_983	?a type NormativeAssertion => ?a deonticForce PERMISSIVE	heidenreich-2022-aha-acc-hfsa-guidelines_n0091/na_0003 type NormativeAssertion => heidenreich-2022-aha-acc-hfsa-guidelines_n0091/na_0003 deonticForce PERMISSIVE
Rule_983	?a type NormativeAssertion => ?a deonticForce PERMISSIVE	heidenreich-2022-aha-acc-hfsa-guidelines_n0080/na_0001 type NormativeAssertion => heidenreich-2022-aha-acc-hfsa-guidelines_n0080/na_0001 deonticForce PERMISSIVE
Rule_983	?a type NormativeAssertion => ?a deonticForce PERMISSIVE	heidenreich-2022-aha-acc-hfsa-guidelines_n0039/na_0016 type NormativeAssertion => heidenreich-2022-aha-acc-hfsa-guidelines_n0039/na_0016 deonticForce PERMISSIVE
Rule_983	?a type NormativeAssertion => ?a deonticForce PERMISSIVE	ferrick-2023-2023-hrs-ehra-aphrs-lahrs-expert-consensus-statement-on-pra_n0011/na_0002 type NormativeAssertion => ferrick-2023-2023-hrs-ehra-aphrs-lahrs-expert-consensus-statement-on-pra_n0011/na_0002 deonticForce PERMISSIVE
Rule_983	?a type NormativeAssertion => ?a deonticForce PERMISSIVE	ambrosetti-2020-secondary-prevention-comprehensive-cardiovascular-rehabi_n0010/na_0012 type NormativeAssertion => ambrosetti-2020-secondary-prevention-comprehensive-cardiovascular-rehabi_n0010/na_0012 deonticForce PERMISSIVE
Rule_983	?a type NormativeAssertion => ?a deonticForce PERMISSIVE	heidenreich-2022-aha-acc-hfsa-guidelines_n0060/na_0001 type NormativeAssertion => heidenreich-2022-aha-acc-hfsa-guidelines_n0060/na_0001 deonticForce PERMISSIVE
Rule_983	?a type NormativeAssertion => ?a deonticForce PERMISSIVE	heidenreich-2022-aha-acc-hfsa-guidelines_n0051/na_0001 type NormativeAssertion => heidenreich-2022-aha-acc-hfsa-guidelines_n0051/na_0001 deonticForce PERMISSIVE
Rule_983	?a type NormativeAssertion => ?a deonticForce PERMISSIVE	zeppenfeld-2022-esc-guidelines-va-and-scd_n0022/na_0015 type NormativeAssertion => zeppenfeld-2022-esc-guidelines-va-and-scd_n0022/na_0015 deonticForce PERMISSIVE
Rule_983	?a type NormativeAssertion => ?a deonticForce PERMISSIVE	heidenreich-2022-aha-acc-hfsa-guidelines_n0039/na_0008 type NormativeAssertion => heidenreich-2022-aha-acc-hfsa-guidelines_n0039/na_0008 deonticForce PERMISSIVE
Rule_983	?a type NormativeAssertion => ?a deonticForce PERMISSIVE	visseren-2021-esc-guidelines-cardiovascular-disease-prevention_n0033/na_0002 type NormativeAssertion => visseren-2021-esc-guidelines-cardiovascular-disease-prevention_n0033/na_0002 deonticForce PERMISSIVE
Rule_983	?a type NormativeAssertion => ?a deonticForce PERMISSIVE	visseren-2021-esc-guidelines-cardiovascular-disease-prevention_n0033/na_0005 type NormativeAssertion => visseren-2021-esc-guidelines-cardiovascular-disease-prevention_n0033/na_0005 deonticForce PERMISSIVE
Rule_983	?a type NormativeAssertion => ?a deonticForce PERMISSIVE	mcdonagh-2023-esc-guidelines_n0062/na_0011 type NormativeAssertion => mcdonagh-2023-esc-guidelines_n0062/na_0011 deonticForce PERMISSIVE
Rule_983	?a type NormativeAssertion => ?a deonticForce PERMISSIVE	mcdonagh-2023-esc-guidelines_n0022/na_0018 type NormativeAssertion => mcdonagh-2023-esc-guidelines_n0022/na_0018 deonticForce PERMISSIVE
Rule_983	?a type NormativeAssertion => ?a deonticForce PERMISSIVE	visseren-2021-esc-guidelines-cardiovascular-disease-prevention_n0010/na_0056 type NormativeAssertion => visseren-2021-esc-guidelines-cardiovascular-disease-prevention_n0010/na_0056 deonticForce PERMISSIVE
Rule_983	?a type NormativeAssertion => ?a deonticForce PERMISSIVE	al-khatib-2017-aha-acc-hrs-guideline-va-and-scd_n0045/na_0002 type NormativeAssertion => al-khatib-2017-aha-acc-hrs-guideline-va-and-scd_n0045/na_0002 deonticForce PERMISSIVE
Rule_983	?a type NormativeAssertion => ?a deonticForce PERMISSIVE	page-2016-drugs-that-may-cause-or-exacerbate-heart-failure_n0001/na_0018 type NormativeAssertion => page-2016-drugs-that-may-cause-or-exacerbate-heart-failure_n0001/na_0018 deonticForce PERMISSIVE
Rule_983	?a type NormativeAssertion => ?a deonticForce PERMISSIVE	mcdonagh-2023-esc-guidelines_n0021/na_0013 type NormativeAssertion => mcdonagh-2023-esc-guidelines_n0021/na_0013 deonticForce PERMISSIVE
Rule_983	?a type NormativeAssertion => ?a deonticForce PERMISSIVE	execut-1_n0044/na_0012 type NormativeAssertion => execut-1_n0044/na_0012 deonticForce PERMISSIVE
Rule_983	?a type NormativeAssertion => ?a deonticForce PERMISSIVE	vest-2019-nutrition-obesity-and-cachexia-in-patients-with-heart-failure_n0001/na_0041 type NormativeAssertion => vest-2019-nutrition-obesity-and-cachexia-in-patients-with-heart-failure_n0001/na_0041 deonticForce PERMISSIVE
Rule_983	?a type NormativeAssertion => ?a deonticForce PERMISSIVE	vest-2019-nutrition-obesity-and-cachexia-in-patients-with-heart-failure_n0003/na_0006 type NormativeAssertion => vest-2019-nutrition-obesity-and-cachexia-in-patients-with-heart-failure_n0003/na_0006 deonticForce PERMISSIVE
